-74.92690438510813
-170.67736070961675
-102.42672464022426
-158.60390707004896
-74.4023599900783
-80.03195913970055
-145.49075587868316
-103.6003994610411
-85.8426151254986
-50.77425777683813
-56.41571620746035
-104.9719013371079
-77.15977894207965
-240.8646978293198
-79.993949651193
-106.55545174546091
-63.8439764685043
-118.4513808740036
-121.33307080199654
-103.17762492486611
-114.66013380889329
-137.84781209072952
-153.68413773566664
-102.40430203431816
-121.27564661418484
-70.5540957771151
-22.49370586663108
-36.16650877028668
-81.10338358730512
-65.34284230418676
-60.692623265214856
-48.79453696911711
-81.15038360406176
-31.69107453889418
-53.278795309882064
-72.1438823506098
-50.43631211228299
-30.161963913316086
-110.3779784780086
-81.65624868868022
-82.81098965797659
-115.82314044750868
-116.37263162760445
-72.67400893355483
-116.0321362270991
-326.43950059137273
-61.13953944606892
-40.93527806888725
-70.75041650254354
-52.634463210192514
-82.42392844193292
-115.68207851813165
-69.24633341672812
-72.58462448928681
-99.11107698338027
-158.10159512190083
-88.1540582163007
-118.91197840486404
-115.90532169409879
-94.7228231452912
-98.30795131932966
-164.1279576467061
-105.3473872772095
-57.98485049284162
-76.6251532379841
-73.32016191170554
-91.36957238286357
-121.33863160051864
-150.61423655300837
-63.00652049989011
-73.47617937173816
-138.09467432020193
-147.94366100711088
-110.98575331707396
-44.893783015599375
-68.64333374206142
-61.52174802514533
-53.418168500350106
-74.34094898059196
-63.10857574162933
-43.69633257621713
-120.06283483290629
-56.80582178437709
-72.40555455753173
-107.25559545911368
-43.03383586236721
-46.96486885400879
-36.33571539930657
-64.00061731757492
-134.34339485810207
-59.966348469336275
-70.49221932133784
-120.01515173978456
-103.52077399278039
-86.23327163759983
-116.30297931770683
-74.28006755220055
-113.87093728641715
-79.27650310714694
-44.46535041625023
-137.74067847720903
-80.84994857476613
-82.96844511950378
-87.0132507391981
-107.06377061872986
-94.6934121000976
-70.14352042821683
-162.1722377556396
-166.54531216873477
-106.07083301310031
-65.33208069693758
-110.57650064063613
-56.916007727345864
-82.41475257958426
-39.75296586648142
-73.68366787920506
-82.53073849226726
-109.6295829984824
-71.70366622418501
-27.56332069440341
-38.068440673168496
-89.9350197153476
-114.04074605776417
-100.42500919159069
-26.83789502283153
-100.71955256653965
-98.96915644993473
-61.07769308503767
-135.49330947235012
-123.81459861877771
-117.76225022945583
-148.2883993994389
-72.51784102613564
-119.61905519878222
-91.98002149162349
-95.10389641638821
-109.01385979343733
-82.89026104907708
-55.29383561976176
-58.67128464336397
-133.96009332705427
-129.05862855476352
-53.58438764052029
-74.56935708718412
-94.7627760040981
-119.2292156829593
-72.04838623356409
-51.25349364581116
-29.41386425114694
-36.63401922364316
-93.06073769162778
-133.16224425343162
-39.60816713985366
-83.41570630793312
-58.15244127337463
-143.33219071548427
-56.354114756965444
-57.303016067292674
-87.23719887538742
-77.65984654878237
-51.24895072378229
-81.81045608069086
-56.96966037749312
-70.05737373440166
-167.9769297768232
-79.68107844607964
-119.3061089898538
-119.18474311493722
-122.26863932721037
-84.35463062933259
-123.54755113045297
-78.50708777690144
-112.66905753059773
-79.25236814256061
-139.98296066457956
-55.54231264881667
-102.26262334639974
-111.27822758930215
-80.6438479155933
-61.17656706154751
-80.41749133993382
-60.993604923205126
-78.71193645289391
-83.42994738861071
-43.56541209599717
-88.99165265479594
-39.064241813259116
-149.32641056106576
-146.01160304534025
-132.94015635573857
-99.0685467888959
-180.62470120566704
-119.81719250115401
-100.35621672356363
-59.42324382522718
-42.857465675577416
-89.83439015185141
-57.48909397333879
-156.49195368068482
-76.32036189474184
-38.609599192148714
-94.88609371027984
-59.11045637795579
-229.38990763684745
-63.10781159956757
-124.84739541938787
-185.12413887307903
-91.38729929004148
-32.23198186631265
-114.75643521448514
-151.8757536370649
-163.0740347564832
-94.36133653309683
-30.8330686613207
-127.47367794910534
-98.8064720233453
-84.94222024559873
-60.01234826637427
-167.13644442747713
-135.2624704712405
-34.08239470785753
-87.92742628377917
-66.54019469200819
-198.79514357774653
-63.023393133736704
-124.62218854790757
-51.76786185334919
-51.648891772743326
-87.79263027349675
-219.73102511178314
-113.14572682652836
-40.599786959461156
-52.22600334246937
-41.87013198079036
-38.604158073724925
-45.26293199730846
-95.35808462615985
-91.8518383745584
-89.16352303397377
-100.6591480298589
-93.90773301228663
-97.10383053981312
-83.10373250189623
-80.26247359998713
-119.78987318168947
-69.2526009454526
-40.011617214508476
-97.35601927386146
-51.73211930034213
-68.86339801370218
-33.11258052229407
-94.23543188863866
-111.6033484561689
-127.54829345945326
-47.99544367496808
-59.08285038337771
-42.382256680219854
-98.81004655472343
-69.22496460782074
-113.61315459010349
-86.94222599202777
-56.169066053239526
-50.02882542151848
-87.45631649316883
-155.6832242983041
-86.29020534796351
-125.50061218485912
-113.92431520753391
-111.71792124098667
-142.70244234982985
-190.5993573325655
-149.30183487432313
-87.96428437800172
-164.92875292627033
-115.85804025857718
-116.6398470929322
-113.50420742139674
-50.81433197930265
-176.4133384400384
-119.94737304430207
-187.23428079254597
-148.58035584044757
-188.06632349070762
-149.8834949862643
-171.70221207949353
-243.21612733324915
-135.9934807940819
-67.9225680810208
-86.04212997041289
-121.208383595808
-135.8560503504397
-71.09103890746373
-54.64906386370449
-74.13389590831345
-145.26695396029666
-85.28560871710789
-67.22610380989337
-94.28173220106223
-157.63304369451114
-64.4270051883034
-63.07890959622045
-91.15997604538993
-113.327464832692
-84.31111210952
-98.01022582274267
-74.53463605372315
-162.9348656304733
-89.44925516696564
-83.95580569251146
-172.7470725464224
-65.84725701527032
-88.4781573243386
-155.3558096682651
-153.81103406106664
-42.54066411252952
-34.634609261780795
-43.744300482770875
-66.96205571899041
-103.2201254243663
-64.29422966700488
-45.40187277693261
-116.79560581613669
-67.32381358726954
-95.99260962311781
-28.898953219750354
-116.54469952520883
-44.303401365476745
-132.88816945436682
-106.39803422208317
-121.44339059328684
-86.82010119388288
-99.07785465430149
-74.28655965807087
-83.94696528130582
-143.4484280413988
-106.67711404931379
-206.41628325793442
-123.4385539646197
-113.21204567967179
-83.15844258694771
-85.56929285900965
-111.92671996851726
-37.68226316354664
-99.36019699433054
-44.52612616119562
-136.84558573275098
-124.45392963318578
-87.93685764249916
-51.00114803991084
-108.85531601544638
-18.288450391604556
-171.7366666576203
-70.51068737066849
-108.25111061066082
-106.47282320667445
-203.43890327495063
-83.26769973283314
-42.627855916014774
-98.37581017604124
-101.15464509783386
-164.460550187133
-92.19846782115638
-79.07472216303722
-57.18116191786091
-142.28013154429854
-106.90927137199189
-39.07332430074128
-102.90446557360542
-132.97916454991758
-152.85210732856368
-61.29280833078644
-140.0525094602876
-134.86929499460203
-64.75980471364433
-92.91473419412767
-105.17639665214611
-129.15730797328177
-104.16760870015425
-87.34613165300162
-173.3075369273608
-56.91996927157568
-87.87576680406127
-131.77267637641847
-92.23246444486938
-168.19675303326605
-92.317220185283
-74.9195050431533
-100.52280443235803
-35.0686629015644
-67.59820078137925
-50.375173842690735
-62.851052113276545
-117.29332587409003
-96.78395001714311
-187.98747876964737
-135.15764259854944
-143.581397970839
-59.369560025774
-138.28748591923966
-139.65352511140932
-144.87132954984963
-133.4319937754622
-104.22840160697848
-86.79777789705143
-169.89756783918412
-76.17589602541796
-100.04087476706108
-80.98240915607077
-125.33924212722232
-76.39621340734388
-68.93322003091194
-136.79224706735477
-139.6729406570769
-91.00523613878994
-145.5358165702319
-58.84974469590721
-121.79473490439183
-193.42002218911938
-110.55386541183678
-59.406174332115846
-117.11330079629253
-62.34683354166326
-47.218635970038385
-72.17999752923876
-152.92731412811725
-132.26849967762683
-76.80483533618413
-84.83455676901104
-154.60285882807793
-114.54718347504273
-138.64777706200684
-86.86686226999316
-55.87444047502111
-13.40786539038964
-116.47736877111758
-87.6522368793729
-69.31719274512666
-137.4720323924081
-58.449527781928076
-50.341386851254214
-57.46252301496824
-141.15912964044117
-114.06002298102639
-101.05893612466834
-96.5582493801314
-90.11450186101325
-102.41403768010176
-93.33182786996247
-162.92756168695774
-98.73888053366368
-289.8239190757829
-75.69516922247985
-128.12124381628334
-33.914367760054404
-89.77807621790416
-105.11596570747167
-141.36086494269378
-101.24859072914293
-71.68991100103528
-91.21694468464308
-18.250209996515537
-85.96499567223049
-36.79114485648297
-85.02733085287524
-63.93092476587593
-126.42615781187814
-118.06591243341967
-104.9939388190778
-83.90707810947971
-92.54962207966108
-101.27832903101083
-147.36503369919558
-165.63867127150667
-23.9359883623132
-82.89600501520802
-84.16205542081939
-101.18672549055027
-66.5744480723445
-82.96404067279664
-53.01414677281682
-43.30061790182811
-85.22612966105397
-137.02437260295744
-158.8208544905617
-122.01374198825937
-118.99806058691279
-54.78525060571267
-92.72474179425717
-107.18777738990104
-73.2117462749419
-74.41234082314645
-74.3745598312099
-124.63910382325855
-71.53341620550745
-85.32743373637618
-157.582948163638
-64.76939760767397
-74.01785997343464
-61.88729375355946
-56.42715419455945
-128.41569158845056
-105.36329262415045
-72.3496755658282
-107.26816930096257
-107.85628279245407
-47.283108687066886
-84.45722414583652
-114.18401699310944
-89.80194052557192
-87.04092225421707
-89.79161115828111
-40.29322061630282
-97.6377589527931
-80.173648354302
-121.62947278239871
-102.42170035185887
-62.34997169740902
-101.3599930737499
-102.93953192287982
-99.13999843318341
-138.68579896331087
-89.42393413273713
-75.293248328957
-80.84221044585018
-84.12715891202444
-129.9316487861213
-78.28581609068992
-249.2609729870071
-76.64069349113208
-80.91158256000897
-51.09336831121407
-104.33533874252777
-65.10580809215747
-51.81522268271086
-88.37520747862403
-51.009356364861716
-27.948420972242936
-117.01050118027717
-86.77552072392317
-109.08222105903944
-57.39740661228012
-54.225043499478296
-74.16776270256598
-74.7432273684148
-96.99822452635118
-31.198952366018133
-87.91664602600731
-34.11724975661121
-60.90012042273794
-59.60442693321308
-133.613267983609
-49.64484030090428
-71.61272968373565
-117.88618079941173
-58.40396352048924
-70.22005827425389
-52.45884007526764
-79.10959498854162
-44.991648411327596
-121.24677159989571
-42.80147003120357
-94.65250304537426
-73.10216369810655
-95.05477774277657
-116.82640878263985
-70.61028055380523
-110.8823691117695
-38.3752227739041
-80.96441049444633
-124.40155460351261
-176.33429145261366
-67.54369056317952
-33.184333593752854
-42.407340938576716
-74.22528882421771
-23.354099913499752
-21.553079628735635
-31.160499559963405
-133.23665228193963
-73.14709332299307
-100.12853599223455
-144.45130069821468
-59.3251092636168
-73.19919712944196
-95.2910410863108
-66.02980071912077
-76.1982012502771
-48.98379028459667
-118.0588507195187
-113.96618334545846
-156.46747255344874
-59.4638678968088
-120.41480771870015
-86.63780511658936
-71.79880945196516
-137.84274280728985
-87.80033634003806
-81.97923302818276
-87.33775278384424
-168.04176022709876
-24.21472059394962
-99.33426587039487
-56.60863242505745
-30.715918103042572
-151.04951861877316
-48.84570457041785
-41.997951950510696
-70.20676595533142
-69.98801742501817
-86.28438525826141
-129.38769950533998
-101.62994120705815
-35.20712148575525
-101.80875932164874
-62.73063617506771
-69.54424709899423
-53.931197573174735
-80.11646116227104
-65.2973703799822
-22.149538602353946
-98.61674942505296
-110.8423645498138
-122.22152559359255
-34.86756415465542
-78.00520970648445
-88.37885043167829
-111.76748386644923
-62.28011129687246
-69.07056941966908
-45.02412142066911
-80.09739140684486
-117.58962377667922
-61.5078967635795
-60.004880552206544
-54.11935056083938
-124.12250151123644
-59.051165011334184
-83.85377503744598
-56.55008878507282
-92.37819885530409
-76.47328098313677
-163.64455258545985
-161.10758738903723
-55.311747910216255
-129.56960214511378
-133.2969938666718
-116.32638233450456
-88.43521777051123
-86.90654811607894
-137.74066187050354
-96.52315154555073
-144.23384264877092
-132.0651149626211
-62.813101380392645
-109.6585929236956
-52.70562786059141
-118.16878730889898
-200.74197684272028
-120.93253974106509
-88.13079278419053
-65.93740108851955
-165.86839622557588
-84.3383820484958
-119.6745091787804
-133.6402443334791
-110.7377005973586
-55.34259450615114
-65.59636141315063
-117.35015965677337
-133.96587498350934
-114.20730132730257
-92.64280393985203
-57.9845391086611
-127.18914476868186
-78.28832439571288
-84.90827592963963
-118.70787799230514
-37.47677547039264
-56.52754396324816
-51.100151309038765
-48.69858031183404
-96.72631343089502
-68.64709883546513
-72.77584491300055
-139.76053464065149
-130.55771399618916
-157.27807582096912
-82.32379737107553
-47.0201513196614
-165.2881464981183
-115.15896946985721
-119.03346182131611
-53.99777400636796
-99.10997219125052
-129.1901374542899
-153.20864609198836
-98.62556766221532
-75.94843961046578
-94.30006805242337
-133.82729146698867
-63.44908383804163
-132.87628924717487
-63.93990790759642
-129.5188157582
-47.5910715420758
-88.9615362163053
-54.49122648486928
-72.94560516740792
-234.3995331402412
-92.49912757458166
-91.29558143283715
-76.10231420895764
-89.87062261002815
-36.25303579463822
-106.7088889397948
-68.83864011231536
-56.65303531745867
-29.357638499024766
-77.14442832944007
-86.58200849018088
-84.61747592679257
-47.25253168110289
-88.57296544554951
-56.84732230466999
-72.2498210323158
-70.99713694151554
-65.61028054011872
-84.52936659752217
-110.81453456011617
-64.05426292391759
-40.529176045347185
-50.68673667215828
-122.76165403320846
-28.22531760443554
-74.17712678055035
-85.95347180346293
-88.04705295141282
-52.87655677460752
-68.36860281493509
-65.21655306721847
-84.74021000111938
-88.88091862576111
-56.22327243553208
-61.95032799663066
-79.4461076606903
-78.42930962134997
-105.31868958167917
-101.93955534763991
-75.73015216455372
-51.177510045957376
-151.1077447203366
-56.47792158427098
-113.96296494964443
-62.014361182766685
-41.65211573031425
-41.33934847931756
-96.18975903420566
-59.24796821606718
-63.12519155148493
-57.86550559324103
-137.43508016834056
-113.72495121715498
-132.01478293913635
-97.86800409791982
-57.12707232320925
-115.29182324384506
-66.74221253135953
-40.81376154612276
-150.33511416610884
-112.94701864018873
-26.794889091355763
-142.19948627188586
-106.24442275566783
-99.09105281114577
-61.2948131303687
-79.09684364917253
-28.421088068808196
-77.61091801027418
-47.83965019137499
-63.114167372850375
-99.02147638871386
-105.93236617645834
-91.7886612563297
-51.698184161298336
-77.33167973876657
-67.33556968348663
-45.16308814186422
-90.52352676971641
-104.21243897061642
-158.92515684214172
-83.73664588380821
-44.55064272616617
-131.57050243593812
-163.71624706857324
-77.18589386637956
-85.93907289694772
-52.063974360502186
-52.61805347125784
-47.86052786928361
-122.40549422624285
-111.29700773819033
-102.14947595889464
-170.23619736692163
-101.22285387033506
-168.0567807228231
-48.68821351071272
-98.8607047320362
-85.60905199695654
-100.37578149552162
-67.28658261758817
-102.84094769895306
-92.81485649074507
-97.40203360266196
-100.59975407964453
-99.25551814138854
-94.5846337863404
-187.93257545758973
-252.5710292154777
-90.83797744322135
-24.914562430289838
-135.95508690779275
-200.52968245350303
-147.6756970150515
-69.43166496401957
-122.57026601517937
-154.4828723842499
-65.45615913000674
-74.99165952082804
-59.28421204200594
-41.73041605200332
-68.46928728207807
-71.49854808926933
-71.58808202709211
-87.41259615245147
-113.32691546649532
-149.31826869727507
-74.79370174221418
-49.67501711008231
-111.33174869361426
-64.89232916920382
-68.19324706081005
-45.06172960253284
-44.35104052380988
-54.74980197481238
-51.88940610113276
-37.5264728989617
-48.687232002026896
-141.35786168566605
-69.67690898385082
-80.95955158176201
-61.103193635005084
-229.00593242374066
-111.70899956762695
-166.45316315609386
-208.82177031542867
-68.72414917735833
-30.685385026666566
-34.228349341904554
-106.38240654736755
-107.83518981939629
-86.19639746342011
-67.04654875765085
-96.41307747266298
-134.66892354836963
-128.76433078055584
-160.74008212142556
-97.2792208346639
-48.82363062491452
-101.04019337053555
-77.37440912225134
-45.23088707828284
-129.7850441792328
-39.41265017072533
-51.265704604973884
-61.604911287872405
-132.3683660691399
-140.2651251696906
-246.7289551477696
-123.63509839989855
-160.80769587140122
-114.30838770281078
-162.27626350766502
-69.93649427206373
-110.64875312636809
-67.18404854612493
-64.80961512552588
-83.17341313472271
-146.4403312244712
-81.62443044609763
-40.264092764481205
-101.38118985229659
-93.46030396732253
-101.4482488573813
-132.32581836607724
-116.26644905291705
-91.7104016350674
-32.00171337492565
-101.68429597456426
-94.34948359237814
-188.88056714698723
-70.94690672946585
-50.58842827198291
-138.79057357749156
-46.24737664418494
-102.30228362307419
-137.81247715966674
-67.10861030949087
-40.69366502210188
-35.686527942052365
-55.931329951667905
-199.1742411895971
-119.83191006878064
-85.36567025081968
-161.59265352138195
-65.63657051457936
-56.34636755310066
-117.2246315673778
-96.53881822489026
-125.84120125703602
-122.47540711819221
-110.62071615366527
-74.90096320083849
-124.52203633176953
-79.34196001421081
-118.49259615225836
-61.309683303546564
-85.9721479999763
-32.975567103463604
-93.96367578648204
-122.63715549088015
-72.86343735727797
-96.05199899649396
-85.43495042210843
-131.2931285813077
-85.90012939343258
-91.40041980351452
-57.57361321410138
-33.7119222577248
-125.165989589905
-145.6347900811136
-154.19048795189275
-110.17499807651183
-110.50351278999933
-122.99061476164898
-50.67844063932632
-138.04381018622644
-116.14596209861172
-46.67021930937672
-70.93159624836005
-97.79215499292572
-23.24660736228138
-134.98588306592967
-72.86537839400323
-102.14540471533444
-118.56084156381976
-65.63137538295776
-87.41681501871113
-117.46482876503295
-73.79684045093789
-64.62244411847968
-118.21964301873334
-124.70337232764184
-46.19899682306638
-82.49435838769803
-103.64353098025576
-64.44217641632741
-40.41679221995974
-90.00933061583395
-102.45210798390933
-46.71050765189866
-159.81499062545964
-83.90510069726079
-73.16701856265092
-112.00453020125585
-92.89668828068974
-65.10869060629847
-83.06439749479799
-166.35622184638038
-71.42279382287336
-43.314337344327
-39.42238923926165
-64.32160483802373
-95.42158191087137
-40.417558882560776
-75.95631856918858
-54.59536884063609
-65.14861580106212
-227.79489572709488
-104.74810653515102
-175.17742504533655
-62.89577883374785
-97.61425183924231
-73.47671523019828
-83.04117816052477
-23.947178418823597
-94.2402686989199
-114.01343096960855
-75.57725290222372
-108.49815524059193
-44.36940511334434
-48.79326615063827
-46.37597134322957
-38.848271023987536
-54.3871002178666
-37.948204000764484
-75.66274958335052
-55.560752033273246
-64.0614073457217
-69.90140659137194
-85.68645458558039
-46.31417412732995
-105.02924129743158
-63.7295404456286
-46.61785957383844
-59.81966539842112
-57.499144049504366
-45.19687455353753
-95.10798067446764
-41.478810482012726
-52.23369168416102
-76.76455894523035
-95.34445092040785
-96.00851668817529
-91.83464877098302
-93.10042412054561
-66.27568755691522
-184.17289191643917
-158.57256274134397
-149.64532058021044
-61.07530692100509
-120.67181399474882
-198.24961372823495
-113.95848775540185
-145.48582350633743
-25.475952409862185
-17.634927678843916
-49.32833219889544
-198.26491539400098
-94.90737231337933
-48.840736855338236
-57.16344482401719
-114.42031634549286
-124.35869992516457
-108.12208168877808
-63.264403064598554
-81.32859568515907
-123.39968007346383
-21.110768223942838
-112.76761234767606
-82.07657419786734
-68.96899563583763
-129.6530956672822
-68.00708205235235
-104.1872737877108
-46.754792371592124
-118.88876144549508
-62.15538561968289
-99.8472423536011
-66.6808124568629
-61.73832160366483
-51.53779089963002
-82.57653057677413
-89.23733760496124
-64.93309498472217
-43.426846782475245
-50.15513952348949
-72.55480884320183
-100.48848131742794
-93.79529937476977
-73.09238697658337
-57.72885201098491
-78.00871483027257
-74.54801187345879
-119.51095820800523
-51.42768014409537
-74.18995886188148
-50.90605047552479
-40.07480258104588
-69.86509370621518
-73.55281263867687
-60.361960740208346
-110.96340795882708
-182.30664212409843
-77.70500493263269
-45.77826085540294
-75.03390944544563
-94.28189814851217
-85.06420704016723
-138.62828771733174
-160.33241171655257
-130.7699538940718
-109.37934772538205
-76.71609086576704
-48.52440772161986
-84.97648560723142
-48.73352818120081
-67.53314805985387
-159.9127031941862
-98.49901971640995
-67.26758391486638
-67.3821724397505
-66.75553092181691
-46.01348179093967
-36.17091591513716
-39.39509311013814
-49.90402635600172
-59.60047516401464
-34.3317485847585
-102.47643094872281
-41.08170336850097
-82.56422737058885
-21.846378046340842
-21.30395776565177
-23.867681920096516
-83.59738968029829
-107.94986662634354
-74.2302495708782
-53.644749112609325
-79.63493767697132
-88.96374821232966
-57.843014587854654
-87.41899227631653
-53.662009223507596
-111.19747865995589
-102.40510402732798
-115.75401410479786
-107.99958178994368
-51.94827360259982
-71.79704389415046
-144.39989136788108
-56.54622631322851
-87.07450308800668
-45.441380400912166
-74.39018934962576
-26.1490017449241
-35.53248470596599
-78.09225894067372
-58.95066826159223
-140.76891332683687
-114.15472212958977
-89.59395853696006
-54.44540352257274
-103.77034362997426
-47.92383263363422
-71.4425744416826
-85.18696661304074
-74.76314711261158
-118.39601245619274
-150.12708989059712
-69.97519319360295
-56.76879331986789
-35.87460945374641
-39.07687348401847
-124.13812809769745
-114.13300364032476
-91.72962487105673
-118.92954621081472
-104.77027448867233
-92.83952867342136
-64.86940011543183
-56.32763912671141
-93.88244286649969
-33.30606253792136
-33.209355413841536
-40.278491730806145
-110.79251505635334
-90.79907129308438
-98.28679958799447
-88.32508522664293
-38.46136778378108
-73.24363896300751
-116.44874218785186
-38.13915506145043
-40.31613738925869
-51.31599520925225
-45.778909181410214
-66.92870212873589
-34.87894855641332
-31.840986333572623
-77.36686279606813
-105.98378852361508
-165.15866206255185
-259.8027698432826
-31.20782388838239
-115.40536819451538
-76.06170480176645
-59.27556036334119
-117.1167628427439
-138.9996164526545
-68.6790157779829
-53.0350079303026
-79.52411327465018
-31.590847972659102
-78.38112392070141
-129.061968762678
-78.51956080426551
-49.32030528179453
-105.6616512483608
-40.104142756389514
-59.24792313503191
-79.72764137997576
-27.532601909206296
-41.790487395661295
-37.22585464844296
-58.76878941605487
-54.278751076162024
-75.04568296102744
-106.67223002228165
-50.36611528092834
-87.12078949698626
-47.607141758715976
-96.27974749602758
-110.94890777612542
-92.14223786941871
-100.22803970020469
-41.91077128660257
-70.00164317966453
-65.8535351725688
-156.15530361312543
-53.22459411782063
-61.492669243797565
-24.411042090337958
-84.57642796605953
-72.89207846553012
-52.22690335373828
-59.01442365455023
-118.11590080796138
-20.83691251696773
-63.60065033931856
-74.99270580051059
-54.49048247276911
-47.10122822449752
-58.55927309137931
-55.53888803546311
-42.18501400389954
-37.92337763313568
-114.76867105761548
-139.15941345807641
-91.36511161656473
-93.34332537523663
-51.98519833995672
-51.259565532027594
-45.09901435546019
-36.791913180999174
-68.99008425758274
-24.09364183102243
-22.965340298243774
-36.62760092888361
-119.90002616531353
-35.234155778646176
-96.20270542404822
-20.098255058947753
-105.29074346766681
-61.13430616800348
-78.97286593551922
-147.83995891036795
-118.75582999996526
-26.72993202726111
-55.95441913761697
-40.25947297894232
-47.50255150730306
-116.36301314851138
-62.219399065963685
-31.00584092748252
-34.242300360869436
-35.83485658286951
-63.830760201579245
-79.56310099558883
-71.37709686797434
-32.72937374559177
-88.63519219591242
-95.6556772251779
-100.04306965814547
-143.20473091846762
-110.90754320998077
-110.6103099128324
-63.191349539343584
-115.96339561997453
-60.83060919620315
-80.61207000740708
-73.98457492564549
-44.34862490425424
-119.96946723923477
-129.60026129789588
-56.95261367576964
-18.992017144370816
-186.60531065592548
-119.78777034461329
-60.95219853317732
-109.3634194617023
-34.66762834118323
-62.82804969805809
-46.88078976657215
-38.051710532417964
-24.485341386650525
-80.905096859692
-84.66959537841772
-62.85205080874814
-40.392715075487644
-52.24404927752694
-69.94396913358985
-54.815748000457205
-49.28134398592946
-79.40412871199725
-19.299660260477737
-74.18618587707641
-99.5741445021686
-50.32196115301995
-126.70784257456256
-82.5214317174798
-86.39836430190601
-34.8073549563155
-26.712085782990833
-18.884900056910187
-109.6249081861276
-65.81626831344795
-46.03218808367182
-32.239725159130586
-67.43141725775233
-81.85790768375763
-60.03334015967815
-82.66538175627826
-114.15148993749793
-60.469438292893344
-96.0568471571531
-26.987821701832605
-136.59430470360886
-56.29830120065303
-114.36404226865027
-145.91974991690944
-50.138154036574846
-96.33055105621001
-105.24512735495902
-92.53348546110075
-55.56907683566185
-126.676602974474
-80.91422978742396
-82.87215468480717
-128.7375258497391
-96.96973033855939
-86.71349921128231
-81.35108305462714
-56.97790677774246
-90.40889693895183
-140.97795221940018
-66.57630898717022
-109.11900048046911
-78.59771125645818
-141.50982087365327
-50.80074120296159
-125.49273735260105
-81.26241869112351
-29.635285815937713
-129.07335241204385
-77.55955150000287
-30.864250098874926
-67.5050443386028
-59.220555835443776
-175.84768124103744
-49.990525205166165
-98.59114178606872
-31.6645713240397
-128.0435824075041
-140.18070112022974
-79.10096137539702
-100.89005218046017
-156.94857436693104
-59.66960410601384
-107.1172454995589
-83.30255782139612
-36.517495886448565
-81.1522506537179
-137.7621785029019
-83.86782498263301
-113.98150587889108
-63.676204965273506
-40.71954304486307
-147.3008896722505
-66.54123457623882
-77.28576333355214
-127.23127399763159
-138.7895502777889
-55.384311944835396
-61.52222059142329
-215.9496509542263
-36.38465695984251
-69.47859243619897
-24.857027838517105
-48.712620547857064
-160.62017452753815
-26.900151447599093
-55.3307689179596
-34.473228449216045
-176.4917675921637
-131.98449591233754
-29.017130075621445
-92.14991494294573
-103.80634266161461
-82.99958367398325
-73.60313354875949
-152.72268956912546
-46.76975605012053
-61.324518894179114
-111.23076245681183
-30.01146275519869
-37.412282862980916
-135.72198260059233
-100.33412258390027
-81.06549791172614
-172.56715183454963
-93.32360252216039
-171.85184889164188
-62.5773290375027
-52.52169840973021
-189.7192338321293
-39.26156773232224
-104.25097175929812
-94.59781409319373
-55.154308066975744
-68.5097191116569
-126.85426462012958
-106.92692420078927
-54.84004823806481
-141.5004434113647
-65.02291094958107
-70.70034150822526
-76.0712835957731
-62.45789432200727
-89.61735400397625
-30.57005604996656
-102.91206781616643
-133.13019868740258
-94.93721153321485
-83.58971386275861
-57.631274764720665
-79.50766289449709
-19.512502314788257
-83.3469535272882
-75.17970897476248
-95.05532747398445
-49.68292566623513
-78.2882379518811
-77.07035648590389
-64.39580108611779
-64.52155300669472
-58.348975421767335
-81.93070153209213
-59.08014089652641
-112.47943389800425
-51.55703374265543
-89.3889325956733
-41.533269427857256
-72.11434935011029
-73.06564895659521
-36.4218627940195
-63.36966346601345
-58.41507327698447
-88.65389414676001
-70.17703650882066
-59.73466279665928
-37.14610757728507
-20.366693124264987
-61.953561352963305
-48.15590837852319
-37.050208505229094
-52.16155156235374
-134.0560904670188
-59.34411504900435
-176.34764324989908
-63.86455797162428
-54.5057909941108
-72.17643914051615
-35.90352513207376
-81.32872504106297
-147.3147725350802
-37.4734397943897
-63.76325394556537
-84.28041710271258
-34.071279199685236
-68.20463859857698
-27.76422823870606
-98.53719147923218
-84.71586172605706
-21.704971312140852
-72.26901349599676
-32.73382856113951
-141.05789671899407
-91.51546712482515
-77.19836486548718
-103.47755247361438
-109.24416569598752
-78.10356260540807
-88.84044901719045
-66.90629812498155
-52.43424493738257
-39.98401038075282
-99.41440419348886
-55.684404381014595
-85.78953824407273
-110.18072733312165
-112.68269114624859
-37.390176768304414
-91.00709748253693
-94.344818252372
-108.99229683688355
-41.34829049812726
-78.8916775166933
-69.11166344196984
-45.641222254073156
-43.46077547491095
-53.61343746380426
-267.9690746505016
-45.64447706917206
-91.26695320443164
-52.53544884341515
-38.68939811444447
-64.71831827550383
-51.00733846632449
-96.29492079737527
-52.71780239101539
-38.93906658569487
-140.184959112154
-218.740891905796
-72.10296445097961
-115.51922669726392
-138.58688869368814
-71.92693951422862
-51.49461061194417
-45.776597912545036
-113.7795632489627
-129.97280099114863
-98.9606800492329
-91.62229841930852
-136.70505073339328
-141.95095480609453
-69.88066342818965
-34.28263738279871
-98.09987003967703
-49.5958529866209
-39.54544416829183
-212.77873211455065
-137.02537387368406
-74.72807576293722
-42.0288787740324
-56.9152172242231
-62.19059716910954
-102.09457380141944
-50.854726463108435
-79.24031834341424
-146.93736908934912
-19.033967315041245
-119.38662015657366
-18.96212751146701
-111.85886340579137
-139.36403911051312
-52.38301251115606
-84.0963884600826
-38.9867646896022
-65.58137969230467
-47.42533090808829
-35.49136439209999
-136.81636470172046
-101.07022864494785
-185.1382473234389
-50.727311254161286
-38.671238270499735
-43.15233614380322
-55.52045330196549
-107.65591286901123
-125.6062875115298
-63.98126782606255
-73.76447389254932
-26.607436785099296
-97.21192671740675
-40.73705880857671
-97.57987790699384
-62.06439914920577
-58.854657290454284
-53.38805541133242
-55.968429779318456
-67.04125807286778
-25.0806915430703
-37.33741644591143
-193.49572154887736
-84.26126742352736
-100.77441359430368
-27.391730156704693
-185.8598375847808
-28.432472859044484
-21.257774767802182
-41.250803361595985
-64.17690447233883
-144.85804651058055
-81.3751996730945
-23.647019418716955
-55.55520913660342
-95.25961190213205
-45.36498432941983
-36.14012709874968
-116.06641648377692
-44.4537054862393
-99.580595127741
-81.5138982736687
-168.35404763908366
-131.21623733860304
-58.04905416109823
-91.83454454702901
-101.00859083526133
-111.41751552236269
-75.81964065657557
-56.763112481871374
-74.60026925945415
-103.51828843594042
-54.636830988949576
-30.533783988564704
-229.5367418115103
-101.17515017122756
-127.44011314513418
-124.63421589972133
-251.43825253627466
-52.416308211860326
-176.96172608326142
-100.3850478031932
-87.21837224477066
-88.01473110751371
-40.75202492552041
-34.18596325366057
-23.068196394546227
-91.26182043985173
-26.62668536449414
-156.9499902366632
-70.5867384248922
-55.01167491120396
-104.28743850276689
-111.13549582688994
-49.298241128622024
-87.60714106405327
-97.73407328101041
-32.356087608426755
-96.07797721878755
-39.847854952224765
-69.17813097282917
-154.11340700041163
-101.41318226184355
-50.39992553494494
-61.062485756146096
-71.43374766202385
-101.24118161469374
-66.81274215384597
-118.26496122693403
-34.50388615375858
-107.13032438199879
-89.72392743583768
-125.94332119686047
-147.454543010078
-100.17848138339588
-71.06494352350119
-39.56323143593257
-65.77185097089816
-134.71314898206396
-39.918795159512875
-62.98158632556383
-36.94775062801621
-73.24254659437044
-140.03459539155875
-141.69247054810285
-82.88302204729585
-58.20632454544417
-108.00821528519639
-122.3064574541716
-137.23779334567254
-96.25717093440608
-96.36354468823326
-61.01314117296426
-77.56059008175423
-73.7226972321992
-84.9358574725824
-55.49390556213851
-99.54508029001089
-33.61546984728606
-127.97990194124185
-72.91271763047898
-133.96059762043774
-44.12703511166256
-76.16906525077383
-126.39358623723837
-86.81586493924883
-135.06507388655734
-84.9954273130674
-95.4669035325275
-77.50083674639865
-46.68859608198203
-73.85214809150966
-137.49294895830369
-91.8204874773765
-67.39887606167974
-93.61109372181453
-56.6288885803408
-66.03444546582408
-38.09565773482558
-82.54805993698581
-65.7656543402213
-143.14386053287913
-135.7480820390618
-108.04278411545316
-123.95723124563719
-97.77465744975052
-32.7266509237478
-39.85824917300036
-87.15623928775845
-199.2870263698936
-151.16661267028957
-94.19356948716275
-90.84673787523725
-44.5745794551424
-69.22471579097628
-53.35802595556661
-65.1593191536216
-73.933704727444
-110.62065664504152
-134.928203167822
-136.40633341111075
-56.86791408068584
-78.33172214521008
-121.71353404608963
-52.01769780551458
-82.59259984181816
-28.726955117778132
-132.19812970754705
-132.80292373702966
-139.8589622802355
-140.66614268093818
-53.11466797133811
-98.28985507116369
-100.75463191753538
-58.512061249927
-208.33684495962174
-48.64804153625572
-94.19513165650807
-52.83316793140866
-72.06801542513796
-87.5148392180677
-79.89553205300535
-69.5316035028092
-119.67319160731863
-67.7233018749302
-124.93504261988056
-63.679782056563496
-53.01494026812566
-77.15386764631157
-101.81382063274911
-92.3056245798708
-113.35114601806485
-121.3577304777017
-120.83653394866937
-62.55731325252485
-109.43281133993042
-83.3127446294054
-155.018125788142
-187.63939782329945
-54.56303063172625
-90.3844549808592
-66.03078093470747
-50.67078391462158
-97.11685898810252
-72.76625999625543
-36.17002995066318
-34.063999512692654
-89.40952550754092
-152.85699364467962
-70.83069659863298
-57.33357114683783
-75.61048556872449
-79.81953310712234
-123.12986078843163
-102.60140062702247
-55.56875852776222
-69.83321530068098
-98.28286825026446
-58.0930035534153
-93.16046041503807
-230.78738386358367
-76.12343151678832
-21.130091754041928
-27.961141533564422
-154.09985169315183
-90.23383955524568
-193.54856720735714
-101.6753223831061
-89.7000501322418
-32.89003104673809
-96.75107554946146
-59.3939447152557
-93.7356294694677
-136.22257875528504
-89.55228510355015
-161.8899259771878
-86.23178537958746
-88.60985038111167
-150.9212209694009
-97.18679157824432
-63.14803441259411
-102.61818181258914
-77.5289655828832
-44.36060367242484
-86.99660948686076
-144.7067921971779
-56.658148631427835
-126.19082833581733
-109.76678542690523
-137.84054861962724
-52.24464683554555
-72.24766429353987
-31.85448887925686
-45.84298179726655
-54.59221889615511
-97.42455625234334
-203.08209355649583
-84.42218886600335
-34.19117812942563
-24.321155873806312
-156.70391127934346
-65.0565816657716
-181.07235406119116
-88.79895400813201
-131.64524950997048
-229.5534968360032
-36.54925533206085
-82.21703814368075
-63.39392581050693
-212.35783330744084
-82.08683244572897
-75.02638537343839
-71.90519837189447
-40.627834413067276
-90.23983058170724
-129.489216190953
-115.66678410117102
-84.04263416203113
-49.89250588167961
-116.27285978606047
-97.94462358602385
-125.2582693581586
-32.75458985893609
-181.14861063678367
-125.2859244109117
-78.6650060984302
-64.98260095541879
-107.64529136311305
-132.5596096893803
-128.2243288428684
-74.90106029048604
-95.25900314299923
-109.83795075247268
-27.25362947084722
-85.37148293086858
-30.555043473500053
-150.03357499243003
-143.1475738932421
-36.57410561031903
-46.367602344304345
-90.26539649270428
-50.31508801304293
-117.03519299997662
-71.49815067157766
-55.22971449134131
-26.53832765459989
-85.36960748628758
-118.60455930677942
-48.23857159709939
-46.832021172954136
-148.38035471698996
-46.0539141349143
-104.1012775491157
-147.19385290802387
-37.27093696909635
-78.02044038060295
-28.390557426827197
-90.13262810867535
-45.76543860932721
-152.0160349054534
-116.96671271474374
-154.2224153760214
-151.76480494089586
-102.08444916872526
-115.24767333360352
-111.56684909517683
-60.56630890369305
-113.81229317092469
-150.38895253340232
-107.47554060332286
-112.49734504346108
-94.87714089821577
-118.2209556083981
-118.70593349143772
-51.126428121411514
-101.02140988881898
-122.11356058534864
-117.2967845286073
-121.91192067980369
-125.46052678292668
-48.14810468789729
-45.17484857718917
-60.16426954536783
-47.822327298878804
-76.1141835179832
-74.72988706071736
-142.71568704585488
-77.5643650782254
-143.6223216036722
-63.081889630204785
-136.62681383123794
-80.61632779271983
-138.07786563805098
-61.70823294387755
-35.19717561654813
-70.38582933547147
-117.92500127243376
-68.79168061502054
-91.65942461930383
-49.38551684926697
-51.50821153178492
-73.22440366218783
-65.04705273922887
-106.7424070446584
-42.81973218872682
-69.90961872021043
-105.83245074977188
-41.00920848507032
-43.043416569098866
-24.477630183893275
-65.5926278698735
-41.88684852520506
-93.79906076149919
-103.72601426133443
-85.18084152459289
-41.06209035642881
-94.14226408278593
-76.29110688893209
-98.91961526473204
-88.49512438390987
-60.83213578532748
-113.58252818675955
-147.42554544117812
-71.25581232222734
-113.47389855486541
-85.44891693130134
-86.75934929118498
-86.5747866779731
-229.18422247984802
-67.25917518015028
-94.78537853957391
-168.31444882894527
-126.96443537923648
-35.31033377129623
-79.23929486102938
-84.62069461769062
-103.85634526908798
-90.792220672029
-115.63021410361377
-108.1420641926299
-154.97205585104106
-72.26914831174054
-332.08410298419926
-115.5091331127674
-55.609266396915565
-81.13259982426055
-133.38131660599072
-65.61816825541557
-69.0951237100237
-108.97689398760254
-50.87284824913359
-53.62827869807811
-152.62739193311316
-117.69928510721401
-78.8804882175212
-89.8528789792557
-42.56665274353576
-110.61426448580764
-31.419713085236545
-39.77757129721795
-105.2345494410935
-290.37656295744273
-62.58740346831296
-37.50580697969665
-63.77895293113045
-39.59068061564201
-125.94869451080882
-67.63263214935408
-35.331487886060906
-61.88939510272835
-66.45496712840692
-39.990483694640034
-79.35093759078752
-208.73862474147188
-131.69577393000276
-83.47755996828427
-163.56897024516132
-95.09615114988195
-63.29431440301774
-47.26738952809133
-53.34650238232865
-80.19953927541286
-102.47322116606107
-59.033243588121614
-54.400267167046785
-35.677482048520574
-53.00144199410881
-36.615706737508404
-125.89871283615666
-104.7697850284035
-85.73562400975163
-93.93596880402896
-96.5336141540745
-88.42492831531268
-83.0530023280955
-104.66602848620005
-68.2199724593607
-51.40293397148312
-46.360396683806144
-43.35468792825618
-121.17175486543043
-75.23113985068882
-92.92583346913261
-57.9055205190243
-60.27237889605961
-63.76726751032006
-94.00075324098782
-87.76972563825059
-42.23315965667088
-86.88579153551298
-61.56111831062266
-67.19921439772548
-125.81524706121827
-157.4221081065747
-129.52777721462158
-157.33928542888404
-105.41008106110404
-91.06934983281694
-44.723147919043306
-210.69962047195156
-126.28745519508064
-130.5141946809132
-139.6643546256898
-147.91816147070725
-188.39638796033265
-139.3521705944055
-126.70729527808176
-117.7071807915926
-70.68467420908284
-71.29206201252545
-112.33789605786242
-51.10100187598315
-112.03267901162387
-193.13560407991918
-91.59021149339492
-139.10329588198778
-45.88938701515979
-55.1120330449261
-109.97418971270083
-98.36102855107411
-128.8926881532657
-52.68636688764633
-56.44989266546884
-115.16428265250562
-38.25418238390217
-48.883864125748644
-122.22437590596907
-86.49816604963279
-62.47148308851816
-66.44119242789108
-23.785041515926242
-163.93872781890184
-102.96892007457608
-98.71354166053047
-59.61106363666189
-25.57584584095846
-59.00542458604685
-84.38837921919213
-78.14181285837081
-66.55955389234357
-59.61729302962844
-103.36706370740058
-143.3731178715552
-62.68881322025218
-173.50094181431098
-65.81575305927072
-25.095998395941212
-124.59192188451034
-142.91256268433912
-101.79571488021577
-82.85423950223476
-112.59455007372917
-108.79345744342957
-82.06982631561522
-89.94557744140877
-99.83437359885772
-49.874366311095386
-53.921094900953975
-81.50471853647015
-96.22186968190127
-60.584010642589305
-170.76913386782448
-88.19043132683024
-81.62895973637646
-77.37381377397377
-54.904593312952166
-41.59943044643787
-45.05093554132224
-54.04859326636294
-43.13544940033918
-46.724782003024295
-47.72454061128451
-51.97136943816071
-45.42296316789851
-61.39309759624071
-27.45949497855501
-76.89093868476971
-42.79307289097647
-54.4437894755778
-54.50348587346279
-47.5009890772107
-86.4618774830849
-50.97177612760448
-129.47546654739048
-63.26708167541435
-40.48831098014095
-31.355857024516375
-139.6495554641006
-47.635799905528856
-167.2289068440974
-171.9845132100297
-90.61807657431686
-25.544094440221556
-67.1642729016935
-20.190917438879577
-87.7806138456458
-66.78082898732879
-182.31937051440522
-71.36247925326634
-32.58132619063937
-42.558146483512964
-88.21548337117316
-70.70205383612189
-47.126929899013064
-106.52633025865339
-162.2209640478667
-78.09896537539018
-123.69384021213901
-86.36588762223276
-101.92588537047124
-148.57357878349166
-154.89029737586517
-33.94943319827457
-57.58317434677068
-144.60326948741877
-20.518445193172095
-83.99433376118421
-66.14715866338722
-91.83872067935145
-103.7276141712611
-227.9466703749563
-163.0635173414272
-43.874556879153424
-131.66716870684996
-80.55384596356761
-154.25836658242508
-43.46219045242317
-23.28250284660996
-39.3590380412201
-82.57851973442922
-57.102851756012946
-30.9761930828455
-46.39525473704021
-36.98873485604455
-60.566606877833536
-95.48296010411953
-127.13451325438128
-36.168577152178166
-53.35057505322105
-102.04144228701715
-68.04781564201504
-111.5156835473256
-103.37450367988532
-68.54800073995845
-105.83748950346711
-124.51551776195397
-86.87638201397
-110.85778998812067
-59.90208269067781
-99.71971181642236
-99.32719608668732
-39.42631803443651
-143.62214801455892
-77.89511840244722
-60.89474272802826
-144.31989497218683
-25.18873259242895
-50.549093467250174
-98.37647296957304
-72.41814389496356
-84.79797636323957
-94.18211383482814
-84.55362850527342
-34.91464061066373
-169.49747380939365
-56.050288865536544
-36.71588270813887
-73.00608587457131
-87.63783017444516
-92.12495225817082
-39.56416544799179
-59.91541895640723
-108.90309547701162
-63.574856541099074
-44.41470291434869
-96.30601438115013
-74.10778571813448
-56.95413209407974
-111.18186089148033
-91.9874344898464
-86.94522935352136
-86.15177032562686
-44.000083296058285
-93.76531909185027
-167.1464782247647
-223.5408740288577
-66.02548873773095
-111.97539540861018
-86.13604857828442
-72.44086831006166
-111.84213083704083
-51.42782616730487
-83.33551794549753
-32.71924177286883
-114.47604556772431
-51.81799829528574
-43.533556519436964
-41.714697336220866
-39.005562275890455
-91.34718764632626
-77.64831900409567
-58.511864374469845
-41.14908872876218
-89.57840189292548
-84.13798197108062
-99.72550535916054
-43.778834707015996
-37.81134112491361
-57.48923860110146
-59.317357257512725
-91.87451505277853
-101.27159715676706
-93.01872089736665
-65.12117544897167
-48.876606392783756
-75.19811820990826
-132.95884012778282
-84.43390456245939
-31.67956457892309
-73.65506784208647
-75.36392040369708
-66.37486972257204
-49.48108040714984
-145.2136225866555
-60.077765284911685
-102.82461657552436
-157.35430341583344
-79.28071545218668
-86.43197750950222
-152.89318448145727
-132.15785518622945
-98.4424639816582
-142.120192700493
-108.68049881459623
-93.06079306818859
-73.75473083606036
-146.3554333447482
-72.82397344768107
-78.73449749629705
-59.966640150857614
-249.27254533127424
-95.28174427269687
-65.70960639459942
-39.79404890175664
-146.06777327522235
-116.18640613085465
-106.24049016287154
-90.67726741612711
-87.13224683639321
-59.128675103127954
-81.52483086502806
-166.0971112888425
-56.246058785304825
-114.24035395854521
-170.84423683088863
-76.08526025347454
-150.7432124213677
-81.6112946115639
-132.6650897458956
-117.90441310077172
-81.33704013605055
-54.486399406208946
-96.45359195918849
-59.249108586592094
-64.74980599144943
-18.343705063580003
-45.76925086148819
-93.02503226351008
-124.26533583730647
-68.03296753433023
-175.79914269837792
-142.53848078788272
-90.48294971989242
-62.77317855347815
-113.30154873514088
-60.53609284086897
-68.10336979641798
-75.01515669459863
-62.37566420181202
-123.29041223084754
-191.16805401951814
-78.36906886226322
-35.836085240605414
-40.13488387128456
-45.63687268838541
-63.879591846248836
-108.27922729393542
-118.48548223331547
-150.03051782529997
-51.423191982914716
-51.068022005403684
-99.60465941748316
-147.64670884510986
-130.89065302695462
-178.52849546478018
-110.68186205740892
-100.73202173421242
-147.01126617990155
-86.10602353472328
-113.63386743982512
-135.88442668573074
-100.55047836064084
-74.6182532918586
-183.36109419661875
-103.51051214835837
-71.74907917762167
-89.3275148934964
-73.67368351638667
-84.48184191763082
-145.22540377240568
-46.740244459376
-37.876871438989646
-37.404833028655915
-86.22413502981613
-39.02287300524173
-64.66097697802071
-30.970912099279445
-40.74308065542189
-80.78192396148535
-52.717029009177004
-52.98510359741999
-72.77209211198371
-19.377540366455477
-36.24425706567183
-39.82740269157799
-61.88473709997252
-62.632776257568835
-34.828436032671235
-25.67721081906576
-37.52663655739581
-104.93513346775435
-30.62647582703248
-40.9789630006107
-118.80726610139021
-50.6484424048537
-39.41156990834654
-22.43359379308269
-49.90963317558657
-58.64327615800244
-75.8634783701842
-34.24132283297382
-50.37989954936931
-44.6934368364512
-31.917777145356112
-54.875619647876775
-25.642849328115275
-46.62434131291716
-47.858704956076515
-73.65410025831956
-74.22921792638559
-36.31638605441063
-62.98795653686896
-94.33313451451211
-148.9040219163741
-57.26647869310745
-75.8683035873129
-95.99865594403836
-78.8939459766499
-160.11774510835488
-87.04392344736561
-50.56611839014239
-88.78044034006092
-59.62732947865112
-468.78096198622376
-93.67098394150302
-141.79749153274136
-169.80290520260897
-175.34616238295075
-55.29806965844178
-192.541721233946
-219.1058364634793
-112.83318731790457
-167.12506434897543
-83.85871296411464
-186.89784325332207
-135.2469678643646
-87.62983337636147
-23.91567552674282
-44.29260710552416
-139.18655716258405
-114.78372104374104
-132.5122053593118
-87.49113037012908
-108.58796308499615
-143.12447189543238
-107.95043673647379
-79.19896346689707
-53.85385399126922
-91.71342063779926
-27.435133814092126
-27.796440130201066
-48.58920949764049
-31.415582646975142
-29.618726748912508
-142.91985472574325
-124.38398787281675
-214.47357020430718
-76.2842862080459
-193.59478392953773
-85.59805700476959
-126.08624810353803
-117.56100166185944
-88.42956937402035
-85.06146861340561
-134.59876355875588
-70.44760709314525
-56.98049827649901
-129.46779725763508
-132.19680565730206
-55.70917608851094
-39.25140280683286
-27.56883652420526
-24.408992358351323
-113.44503717565213
-26.89227964005346
-31.247907520652614
-52.88552817158657
-68.55745388004614
-64.62610489354545
-44.58301047491915
-47.729104695187374
-45.51579692529712
-56.06498429942857
-58.170815562563824
-97.00090048036982
-88.91623461793749
-90.1147089611504
-50.650766042927685
-90.072629115219
-28.574349292122083
-31.40595382114221
-132.8228107393282
-160.99549954109258
-97.3541271748545
-93.26283953918623
-136.60628272299994
-54.86120540220111
-156.42691036712117
-133.37073859968052
-76.51814920570601
-76.29850569995465
-67.57474075291528
-48.53802460953747
-48.96153443271145
-46.560493380586436
-31.730722722169368
-31.817051862610924
-31.603821713339954
-82.12928673961362
-110.79809741106828
-49.21869367940594
-91.61842807275718
-62.93263087301342
-44.653408218234375
-27.898884157209107
-59.6381577909303
-154.97429400506115
-129.30390151256756
-34.21463253003466
-81.99508900475298
-84.07898721538375
-83.54246917955383
-66.09095570839818
-136.2706452755411
-63.36481262611452
-123.78093822215895
-107.09453876133958
-127.83759376399277
-71.38986727679581
-143.6290065886639
-88.4904724641799
-61.669140444630045
-52.845782537744526
-69.30198187115379
-131.3423941608805
-79.49275171320902
-124.51705629047882
-87.20056942855464
-71.53767184721458
-71.06314956189159
-122.25367954087407
-72.75618016702754
-101.29147813178557
-70.41220515404869
-92.76016949933215
-100.63934650187494
-150.20999301941953
-91.29770615769888
-120.80973108738772
-29.58403668179864
-113.80639749619115
-33.85362011423926
-82.17035283552302
-63.93440744256465
-136.65728319908845
-40.25553301444596
-79.40855272409685
-78.92693603785493
-89.69679455667371
-130.0661988340973
-87.20786804192801
-121.05949922751313
-71.54679208574576
-113.54332070220347
-48.14991978964142
-133.45462877256048
-119.51138750569622
-96.53812631957986
-50.39609152813212
-121.18987838554564
-69.84919168615016
-100.72667238092892
-81.28016758608632
-25.21645807653579
-117.6445167617304
-83.10995872536478
-47.380694920406675
-57.90776325315225
-157.7235168727375
-138.78544172450438
-90.04069780438252
-73.19242063582405
-120.13884474440711
-101.46064262601986
-102.62178335844747
-36.923320494855794
-131.0854583690281
-89.07847388756511
-141.41402392950056
-89.53502265648923
-147.06327514778215
-68.90778113746963
-32.901752479288945
-72.2739427458046
-150.6656871065336
-34.18471076661013
-78.0945215335812
-69.47262251222112
-99.3649877146197
-105.20886044383812
-110.15712657587432
-84.78731259974022
-113.96190852911445
-126.98101212412224
-76.29704914049186
-93.457194489781
-184.58633377670276
-124.23723960828293
-73.93477897960777
-64.95436257805112
-161.9497666993577
-91.32959502665344
-121.45502917735088
-28.988989337879488
-21.681805408978462
-62.374468591264126
-50.884946779167095
-37.294541579169355
-25.73420366637657
-79.82661743405792
-73.11185439011265
-54.15247864850236
-38.12098019385761
-62.71530809405358
-97.42477585872919
-92.93837447997454
-77.59474970492526
-55.10496355994037
-59.14859249802012
-103.90147926121409
-135.1073610112781
-40.423362290939906
-92.54901346992177
-88.37770000243034
-84.65490112984968
-37.952316940790965
-128.45558464949872
-46.870599819843775
-88.93275460164894
-72.21225586408437
-81.84296785568336
-64.43857587627045
-89.79752842417835
-38.22966914964104
-53.08113265918827
-65.73940212671945
-23.189831781850827
-70.70725546923838
-98.67294579709578
-72.27253756482901
-86.15047014957744
-47.21400602975207
-75.76041108115601
-21.549299428200666
-50.74096641444197
-43.024504746019794
-81.75735350713823
-50.35337402289752
-69.34977259499125
-58.77868557423449
-67.06134176709223
-66.46597084611847
-36.21525826857487
-22.798010111197854
-27.339287558111348
-41.462008130627936
-35.165849437251914
-64.3618257684748
-31.68736103598573
-50.61371286955164
-30.610885274733928
-50.907841858175196
-55.18177286612419
-88.82260463749593
-57.74611439765855
-150.68015225847392
-118.41786517002632
-106.67345816569737
-79.03155319200678
-149.93586741704468
-63.24350787373798
-110.16719681557154
-68.58469258010561
-70.54672936789356
-105.01960924948445
-73.09057216583366
-82.34087069115269
-33.248235731058216
-55.06204521489652
-92.93154547180708
-64.77497595804566
-68.99556858694216
-100.2979431866587
-73.4654810815028
-71.99977101534928
-41.38254096854976
-73.59125324411738
-65.82020524943137
-58.17944215174072
-66.44799636338034
-96.13467877015059
-42.410254903941016
-48.94064886892594
-49.285049138187006
-78.24263402334185
-77.64861206981276
-44.4054839606331
-73.85031954087371
-62.82810608528263
-70.29761068892844
-81.86126991444115
-32.88274962178049
-79.30627035601128
-164.4455002249761
-63.17288313277957
-119.25564082884226
-44.90227155558218
-82.88635523978878
-66.19748306746897
-25.030026631074797
-58.52356336128235
-40.75638388866142
-82.95138588026055
-48.25720201842991
-88.76981379098626
-125.99209032726462
-100.88568705331646
-94.9968397794833
-69.06594520674176
-69.78310589392305
-70.2624060256036
-58.008262824225994
-92.1592020208372
-88.56402429412438
-92.89780662742994
-66.09149691366605
-106.35311880832708
-63.47529885159526
-82.90384019438075
-128.21111630458162
-119.81463624886189
-68.52127257254934
-42.9428884169228
-59.999943681683824
-128.12779561468128
-92.05561830123214
-124.65144299237438
-44.54859934988649
-26.224185752160327
-61.97618313894394
-45.74452474025352
-46.09389959214011
-33.87469184517296
-109.14742946171546
-104.95137790322244
-175.84401257218082
-39.79398600951062
-19.217755879787614
-63.485029426711364
-21.352557699873078
-21.762425919482432
-69.62916864186593
-92.13509718896432
-35.68864685636933
-23.008175922850224
-24.330994949267204
-50.22677710184308
-172.12052981956288
-59.819495644728235
-84.66601226663725
-44.4972405678352
-134.05506583622537
-22.600732123592636
-68.70774944457068
-87.21658108700814
-111.90797601208658
-199.6721653354049
-43.22316390267062
-101.74955313776195
-60.956508043201644
-21.662371981170224
-52.31794800948996
-103.70742839586124
-82.49615631094645
-104.59113167023973
-57.758849091204375
-144.18093742802253
-99.66847893153209
-149.50254783520603
-78.20360317752458
-60.16438876218567
-28.58722266357948
-47.656057313912136
-23.296627998464462
-85.23997763639152
-53.69355944327937
-71.24004857844274
-39.30757976559588
-118.18115090909112
-77.67258100281748
-197.96159726263747
-129.42033216184737
-85.27344034314302
-127.16164516448723
-58.14198834825466
-46.375642611044235
-75.53666760696767
-186.2526389694225
-79.87334500365058
-122.4483738183197
-69.42309976259092
-142.88994532499868
-46.084258503787844
-25.252678405585435
-68.88688815160924
-54.99860306751092
-83.69332683719195
-133.58961352042326
-70.95852119248472
-135.50420059834104
-112.0190251331526
-76.83623108749083
-118.69441724652141
-59.406167499177336
-117.64221548087532
-65.0925119029061
-63.27673316718127
-61.800690538134795
-111.3753050944225
-45.90924136798719
-85.56783309621353
-106.58275932710966
-86.14646568925822
-133.179929263499
-107.99602052019763
-84.23064078819486
-54.46960082989157
-72.36234541954117
-82.57103667248937
-78.03325796837035
-79.87271122510565
-39.440636584933245
-58.959760000913974
-91.17714745635617
-79.7797402149255
-59.99499993031035
-48.66857396412604
-44.83778649768819
-83.8283914425152
-31.471632362549887
-60.34490349916855
-71.47387078854004
-62.36832155655568
-52.034075325261796
-49.74812743099442
-85.9953366702405
-91.70157941946088
-42.72505322133823
-73.97031174118119
-35.66925327218407
-55.89704902474728
-96.41398693492665
-30.047859136984968
-69.50030968604308
-88.59370521675716
-76.39177851481294
-47.101791933097424
-74.00521580553237
-173.71113169350113
-80.160354731207
-81.88014998738824
-108.46669032688587
-74.081211149627
-158.4864331598151
-94.12084000704364
-83.1229172867212
-85.4472491542327
-62.55114772387117
-65.5418649779052
-119.6293700000754
-67.98535114274587
-84.44889010532988
-42.60138103507229
-133.21809196954752
-128.362437069368
-115.50948223779724
-117.56949667056033
-95.5307847428693
-299.8143922987668
-95.08969222754588
-107.88199451104755
-106.45163402220199
-99.78480394740444
-88.76357598481356
-114.37637714970717
-68.48348745884785
-194.40295874729418
-96.27995035299799
-91.06756178959516
-119.5617746065853
-69.18868957078277
-49.98165478157037
-102.8340048723381
-77.58917655793577
-39.531268008041934
-44.142334950844806
-78.39565203590662
-123.30387303900902
-107.93060393315685
-70.6264088879736
-96.52018020780507
-79.189347595647
-69.73305471452646
-114.38308418417519
-82.7663184244109
-57.87408348961634
-66.09961625567026
-115.79846691077887
-129.14505722973186
-241.0740497266373
-34.94847333991713
-293.3886138829699
-96.40845997108367
-114.61102016786457
-43.907188376417075
-79.95801375862412
-116.59306267075009
-105.50796973738262
-147.08073393983327
-78.44075102527003
-90.5186989967227
-138.81355749196268
-115.09743716283295
-204.59291343003102
-169.32533869988148
-68.05363981134363
-194.13712936345516
-178.24830441026515
-106.16832980963538
-94.35710469690973
-70.30506156174131
-76.73939339001528
-105.53800201800657
-65.62429454844006
-121.17743832371839
-39.95162971789174
-157.25390591127845
-108.85351303381483
-168.7536723791898
-39.01971833205702
-92.23262335470197
-79.88436579069962
-120.1875468263198
-148.3935991058736
-42.40454108564293
-40.03936697601774
-43.51188391475212
-52.742616321660456
-65.79232151695587
-72.48831639434391
-68.57051537261741
-34.144779793270295
-70.0759220863167
-93.55631718235307
-34.002353582210816
-34.196676192836456
-64.46992988263995
-74.09064135624912
-81.4882464815958
-76.97476356552733
-182.358317896975
-80.77741628995197
-43.81543793261726
-53.24383452210037
-36.628967638005555
-63.53528369961908
-178.53961048267317
-85.61457824726615
-69.82072223782613
-72.57431009032942
-103.34154193913514
-91.11222306474303
-128.53239505386563
-36.24190108933503
-27.188066201424416
-36.06672918675019
-26.980809708295183
-20.295088019098266
-32.7812091446622
-74.68626929549976
-34.81477510048016
-54.2258577540417
-34.22257818701359
-48.64882681584387
-25.840350062103994
-35.953110204286816
-34.89643722635917
-71.11365733177365
-30.713410998011597
-28.299124829060695
-94.94756536764463
-18.867126644094128
-38.437578135667835
-21.66817300216588
-27.304131456813526
-40.995178041244316
-36.74066291942319
-18.894916817184438
-57.940391235220254
-22.198161142647507
-20.853662024252856
-25.477600074573573
-67.87850129983583
-34.37963028617124
-27.80351302376708
-54.10317157578472
-27.023743216847564
-35.86375630240197
-69.86562591149656
-46.70078206115533
-44.30535173410417
-48.45678258744151
-54.49665002357537
-143.82811047220375
-89.74200125262466
-59.962672777975726
-137.17212806510616
-81.15646702593831
-80.65477227471085
-127.4966468264887
-77.34573963105252
-53.378294408793984
-97.72564068584093
-85.17061864903664
-50.57060200154224
-107.33273557802791
-81.07163673477882
-66.84501874691647
-113.14183741925144
-68.52519110965177
-196.90173693962296
-108.04143755389373
-86.01356856655987
-112.72611936380171
-136.53589428166873
-126.04134669444677
-241.1419050795836
-135.71586881566924
-223.10058649369762
-179.09394986264428
-189.35869452165022
-96.4897893511853
-57.43345929891566
-46.9933467697007
-95.41653242958522
-77.23589962771455
-100.11130405334181
-60.19238196470561
-162.44330881648952
-97.51232972145081
-104.12582238650386
-92.66180037234288
-143.70921692698667
-57.98549941231904
-49.35657233324086
-83.0982319645277
-81.9989760210685
-66.83524966614432
-73.85426479016243
-129.1465107572019
-48.534648680629296
-93.03033376513967
-128.7602759978871
-64.15797279883533
-93.97291566730297
-103.20555407201192
-45.07857416210217
-52.19034308279298
-95.3963494342928
-86.07163393291175
-118.61903443692286
-63.847200866895804
-164.73776300137598
-95.54391090438058
-23.61276644608357
-101.14380067231086
-51.21558303154559
-38.664514937848864
-104.93345451631114
-56.18390455972432
-76.3300376140169
-129.08830736099335
-128.20156002441036
-27.222588631876675
-35.8316228569738
-27.47129200346904
-34.72019234438048
-84.08892026260887
-111.44961276782179
-58.667265731715055
-85.50907922250487
-130.4035543985742
-138.99763991809408
-80.14442904046051
-34.758123892389634
-38.74033677999808
-55.49128460888002
-106.3194066960846
-106.49446109246527
-62.901324304654125
-43.250260044642374
-45.08436805101176
-56.90029519511973
-86.03195218826897
-130.17067298933395
-117.58027501441617
-64.86392462346389
-68.3208642590287
-164.8694479430098
-87.97397846714028
-66.85738574887361
-43.45260683566531
-130.65881215575075
-87.74378698443877
-92.83900323342178
-54.63192777060358
-136.1908805682728
-176.0190576170625
-75.22057319037029
-51.62907436042487
-58.09142800690697
-115.65322368559943
-89.8643166374801
-91.37016667993443
-134.07447418283346
-120.84829945835885
-245.09661008502727
-132.61522739250822
-61.80281747423506
-125.52693797683851
-82.53320875172928
-85.13366948298155
-66.71031160820371
-81.17770799395497
-144.7672112929668
-120.98461812526821
-144.1827726251951
-72.24930163131668
-44.69002270442441
-108.9424707145268
-91.66688756368654
-148.30801482488692
-70.69065473962172
-117.06824088502316
-100.34448706574919
-161.51204657263068
-88.0097287545934
-84.1660701816099
-115.18527784651243
-79.77247939860577
-52.11003367639401
-102.6450667114533
-155.70339528095786
-77.40322637529836
-46.63036448138316
-99.47703416118415
-122.07419385771034
-134.20051592462065
-85.53647512478626
-50.34353816825455
-67.12706478539114
-148.82261044863978
-138.29886861139238
-68.99798114529321
-34.014270450229915
-82.70955282150813
-116.41549128822103
-147.7269199098659
-149.31963760732629
-194.35239137356567
-77.59052267535996
-49.44226577381909
-64.3012268553489
-124.85530433742603
-85.28292963106372
-108.85177323340473
-142.67564037027503
-79.9955415235447
-67.58788342713852
-126.92976743997026
-84.81703184633604
-130.4241457995477
-49.20792696030505
-127.65298365661631
-83.80939428841982
-163.39657383823396
-114.52757379570757
-118.87842701639919
-83.7185712869675
-34.75554922912307
-113.88137379364082
-98.44975393643543
-153.94365892207682
-75.45673154144673
-99.68274488912056
-57.5774658284222
-85.88782725509765
-167.3980844845261
-69.75450425194846
-130.6458661006565
-71.86084896975767
-43.635784836286696
-105.35280585512552
-145.85765600715487
-59.90243162095701
-146.60958294771623
-55.98958512299322
-76.06275347213467
-95.25567320933776
-94.53022328312356
-127.96754763729732
-99.47702709518029
-154.03305885870984
-67.07183334391647
-93.7556129019671
-109.93465641812571
-82.51080116075663
-38.11530061420769
-120.42671628204572
-205.11532670249747
-84.6086917011413
-74.11815194965418
-87.05004768088884
-222.62135879687258
-184.77981132873586
-148.47169688829808
-385.6553600305655
-192.52640994000325
-196.90732389028142
-176.38012855993173
-132.6996571574003
-103.97007394335206
-101.60318313760088
-56.871457416483764
-63.8242963071942
-69.37796913048227
-202.8296710599865
-197.38744009440177
-59.386607756619284
-45.43984815203523
-180.30109009645304
-135.7406947704128
-131.69429902692897
-21.934831083793718
-127.98134709913063
-131.72776991113253
-127.75178655863596
-170.1660282628565
-164.85961980369515
-102.82714549702186
-191.44518137712112
-46.60379849745898
-120.62056336224424
-98.62979370956845
-67.68912462154789
-91.58991674009295
-108.61313839646253
-84.61915599023796
-82.37775244194495
-213.98350420633818
-73.77173170498048
-117.36352631875286
-149.19481648947684
-193.39684719157904
-38.90546243808098
-104.93183493336761
-109.51708664207634
-117.0194324082023
-111.63226481845675
-131.49347744355612
-69.80384614397403
-21.107931066256093
-105.89697731480187
-155.32300766429094
-126.38688448776311
-63.43179219028817
-46.431038129071496
-115.77756818880052
-89.5592199777616
-112.22069686152668
-54.99696720130003
-160.64665427543542
-73.51909017020947
-51.859007282589346
-51.12666092893348
-133.39532509242318
-64.42414464034269
-176.51530069523804
-126.69320870246052
-50.35060660214998
-71.63419637239392
-131.31021516949352
-82.77609521106143
-200.92587140010667
-46.78305539591198
-94.44309580275011
-80.09199179594621
-266.54671554274387
-54.694467831143655
-91.81309503852843
-115.55813480285795
-109.51878071413161
-42.71503125444979
-93.83794194810223
-99.865377086778
-60.56420622664838
-50.783967790631564
-137.98069389988632
-71.4593108986815
-66.26762977552173
-77.08566154714147
-108.66986342104698
-31.771387024329684
-179.6178982730214
-52.17500936527168
-124.93798572886469
-64.87540723056729
-182.1074203680149
-52.78013995718714
-42.084032832740604
-299.06239523769017
-261.99206241722254
-45.952319251052884
-175.99619515659515
-206.9669597628725
-157.94771754475758
-220.96084490361503
-46.836511693426836
-30.48674214053313
-142.34487473123136
-71.08482229197068
-112.96706648235246
-31.248536934989495
-55.73878471234757
-38.25765216787919
-47.18020269014584
-76.69962863286149
-71.9969615430138
-55.88986371827518
-103.93988157785945
-39.16760673599875
-67.5084952738159
-94.20282593189314
-81.47012581807422
-24.111124152384587
-196.57081408769884
-68.18647802692892
-81.27288695578248
-32.53052892792553
-62.27262795799875
-42.17448465227309
-128.54815675683895
-23.173138252121827
-131.3016677240067
-136.20506596850072
-105.87117204548645
-88.76235700432429
-154.95628215113064
-19.467265959221667
-72.41922841435924
-127.19607805863144
-77.95856116045387
-37.10080882835394
-202.87191496868243
-121.02119490940079
-48.928256224452376
-162.17567169629777
-224.97421904817995
-72.33083149947545
-177.68804042200134
-159.721526158198
-88.1493776521712
-76.13149517943168
-74.1127711900074
-60.86120018353681
-17.85056268418242
-153.9359318151846
-130.5716037453808
-112.10668388005644
-65.19443970896792
-90.03624691975169
-57.686158612894076
-167.16353974521266
-18.033574882859604
-71.27270522653355
-100.53787519332008
-153.30108297867693
-70.69361625194652
-71.25659725150588
-164.1082077267927
-139.3940792754956
-59.09740178949509
-149.004424666312
-26.17805600881676
-51.62600201659939
-19.05213683449732
-75.26927246071482
-149.39065395378103
-71.58209257922677
-20.471010842865002
-69.85091691984289
-69.47739644418984
-172.70564172364922
-98.36420343993613
-67.35274271368061
-55.48488279388661
-109.13961526540771
-132.55974679696072
-100.82914227404953
-81.43161677869831
-138.44966031026266
-80.92851525026066
-109.14703269976317
-115.85666343853518
-55.00365742168429
-47.81876743099897
-65.21791167841954
-71.71685878958147
-144.88544898526226
-99.4323272703346
-85.83435898196284
-74.93734448426346
-110.8275143564036
-210.83308102948865
-56.58089294709457
-127.90904922625106
-84.10266917173324
-174.59373974565563
-100.08287454941748
-129.2891076293141
-59.15667368625519
-48.94166189992385
-44.35515824457528
-169.90713485115816
-19.386827896567254
-33.96762305079851
-102.60205790786544
-67.33818561058197
-101.98085464503579
-97.61730320956121
-79.05741149685369
-97.96101955970668
-74.5656216946566
-112.58813724475796
-71.99283597430215
-146.07326261309748
-60.94769728819121
-147.64471805723628
-128.4035905490468
-123.72110307952079
-117.7955210519131
-105.07699170933017
-126.77390647449177
-86.40233453412401
-117.44058813726004
-30.580997686719986
-141.76845344324576
-86.9692387427786
-73.91761193827337
-69.06264776942598
-25.01192719404532
-129.89451574486884
-252.7218480132401
-86.18323518582804
-87.36499966978238
-72.82696373910365
-61.53630150516214
-73.00639964689898
-76.54033234000012
-86.70194567806011
-77.84089520240907
-121.76608044297113
-69.17655164764238
-56.42155463143017
-148.40371798323847
-273.606586003949
-42.1378744274518
-112.4065343129918
-300.09295455479213
-106.65859834082516
-94.59232255464718
-97.4985464879674
-89.45816643119012
-137.01056971238927
-128.99902205706204
-155.54735128346093
-157.89399035393723
-98.88092038222847
-85.41309027916384
-82.80972003212683
-25.16065310710099
-30.69116442289088
-49.197672190050035
-117.23750554438266
-28.55399698845995
-98.99840538703221
-31.17537828403077
-95.61501640330502
-76.64638545497408
-70.28441114854886
-84.33805308098708
-118.54633285933554
-101.55700012432371
-84.1170739150884
-38.00109846624708
-66.56201341754324
-64.16646038754995
-52.69271308786571
-44.87472280336373
-51.020545820037995
-130.47983090332767
-131.06364794683358
-90.03670588034932
-60.3577287813114
-108.7693918049993
-70.09914604336822
-273.23803848319807
-20.923056651236568
-67.08584880068379
-408.7885148657288
-89.3940787298201
-65.80721542531681
-91.70347748549365
-108.9588037456801
-124.45532665053983
-97.7610329523052
-29.056297753391696
-86.86973106984644
-148.81079716899328
-124.78968608217643
-79.84194025842461
-35.288979597547026
-46.367441479243126
-94.65625179120548
-52.06974316926248
-36.441202713539646
-86.49301977911527
-60.289530838296784
-59.78071114959509
-116.42268910418431
-49.97904632475364
-42.15325755226256
-54.889014140414254
-118.6029422362103
-125.12125488367978
-155.35829366161258
-131.42044523703575
-111.9874530421623
-106.22290935743052
-96.93635979145667
-169.8713307127677
-120.51002083295023
-179.17174026622874
-209.8855343075418
-45.62441718771797
-36.92399697463776
-94.91403985670766
-64.81824528492153
-30.046011713853147
-89.97395233484919
-94.23571311090465
-55.298852331916834
-86.65262107019942
-48.36908879497928
-22.834379919399648
-71.07820186681937
-38.256087699144985
-87.97595339336384
-64.70384656008669
-73.7644114339435
-24.894714842527282
-39.91135922728818
-22.700571939505306
-83.647442093808
-129.8473817292313
-96.51616194693568
-83.21571372204215
-19.86574251076894
-53.807835358771
-71.12098614221001
-36.923105447845124
-33.90397446452623
-78.47203389825339
-20.546868968421077
-69.8259124204232
-55.80664181662176
-36.59845475907531
-51.88058767289506
-100.26847208070879
-80.66714189709843
-21.52703785053273
-174.75797565191266
-66.99443140439791
-22.43555859256795
-18.21885711964746
-48.353298425893044
-23.20538291768542
-202.27216202567627
-28.858056239891905
-19.13576103676727
-113.07216586570902
-29.21056115509655
-64.40776145543471
-43.98312092273552
-127.45321742096571
-130.760681765788
-63.35271490774646
-46.17350141270274
-32.60002012973773
-51.696015044615656
-140.24580573559723
-60.15300164853512
-54.572789264493025
-86.14984617138201
-96.0224442057793
-175.01087742858124
-56.840087478889984
-98.34962955840341
-64.56293960343992
-34.819317194520174
-80.68515796289977
-104.68858729438703
-98.13984827094896
-67.52799041684347
-76.27601015980032
-120.32953028980292
-103.52755730340118
-103.41096152002945
-96.34409984690315
-82.41971068655675
-149.60356510887897
-162.94804248808322
-82.40615730995341
-124.99657362132766
-34.11903687792432
-36.256835372942824
-133.13622180618628
-46.23595631737858
-68.93112033068282
-145.13284275847363
-220.86826050641133
-138.02314762609805
-99.40717158528027
-65.03281344457308
-105.33407260424892
-117.77186971702088
-146.02952709798245
-112.86273893522745
-39.86824137000561
-22.671516736706764
-31.11948004467589
-51.64134037335166
-89.85397459060486
-21.714768282913433
-23.54446083453496
-90.67623893569295
-155.28818324559916
-139.77515416680143
-150.4448915379619
-66.82415407140778
-75.77649014973021
-85.31932046741012
-154.20663950603668
-98.71102157782333
-57.724757250654704
-111.15658167929102
-152.4376145303468
-68.24023257211691
-69.90892257809156
-62.11087986491626
-55.025264961415495
-93.63763246338948
-47.14931357513176
-56.059822531916986
-68.54687108576478
-76.92810139823833
-123.6933203624031
-77.81833733207914
-102.61830167047003
-44.25618005027126
-58.963100065110346
-81.82849440331138
-88.63162352383716
-68.7747480705445
-71.24521439802346
-121.43517102327844
-95.90047878541587
-73.91264076407282
-86.55700654989502
-71.35275161715975
-29.027497337383267
-74.65599058096387
-62.055290223001194
-61.207443637696834
-121.57284269638916
-82.73641188353783
-57.40540958667396
-62.64861966989132
-51.24599334494918
-106.5633485595545
-97.07292373533204
-115.85229916926649
-65.79061950526332
-62.35384072129247
-77.37687616726073
-38.26584369446206
-29.629070441554987
-62.787390671580866
-186.01516370804563
-126.89027471968826
-83.38946536402577
-61.881626358355845
-127.27187047895778
-69.14098708525412
-81.30356263418668
-137.981534402528
-93.34499043051946
-110.55475258090861
-108.54855318753964
-78.3693289591186
-95.73764375873793
-100.86263870227096
-85.75651040230204
-49.97473009444645
-47.6949653106042
-38.808273882120034
-189.53223088273845
-51.837547834357295
-43.76696243727939
-68.32391492563221
-166.17609817868495
-83.1386756275673
-181.62018630632588
-127.32890442566149
-59.84688120038855
-88.8362287903286
-276.8441417818929
-58.59217900397249
-26.87096019407011
-129.190790949936
-77.10618899269201
-128.2780143377797
-132.1312020239366
-30.273029779275213
-56.96744239605783
-39.65465080688139
-97.13744450888102
-77.72886495473675
-57.49951563548887
-156.3301891122161
-76.99373392392278
-80.82405851268163
-57.91079688170185
-100.10055567061617
-70.16628696832072
-105.56791950887197
-33.61505326936103
-12.753230270402792
-135.38622070224253
-39.29255651576164
-81.0108174195568
-101.20454432123316
-24.027000926884618
-75.53306711495762
-120.20360293307151
-76.13668460852371
-94.75526008597554
-51.52536705701684
-132.29160890572803
-66.33024084903248
-68.59880246178173
-146.0564778325324
-85.3749639056453
-122.24417168165758
-75.28504724361765
-39.87322100846512
-84.58720209880076
-55.01526689720983
-71.73863419514898
-86.76374311015674
-47.19225063465026
-109.87375165183147
-78.9921953428926
-301.6754222819305
-155.22676858515715
-52.446417197610394
-125.4026463305431
-75.99177311122047
-40.40171846309198
-141.9369340004859
-71.624250223936
-108.06292601442202
-105.70015922500673
-134.80944922044947
-94.45206017383076
-30.207064300027508
-20.08828407562406
-132.1705724596675
-119.83545178956687
-85.16426092159972
-175.3204277617311
-68.93803437697797
-203.05756839339614
-42.209307793166
-86.56943345236364
-153.28729287999852
-79.04197261084926
-194.47501268217033
-152.4775714321058
-61.28151711561647
-178.8333230125421
-135.41574024164586
-106.16304396407875
-109.6212793343814
-62.6362114410484
-122.84109311859203
-146.81575799298653
-52.281071804911456
-34.64856836786051
-121.67280771432007
-199.7222707147599
-46.46876837518391
-108.44187828313481
-255.04257275412203
-146.1545734978425
-92.84607425172469
-39.50510755309424
-148.12788273672538
-183.5419356845367
-78.0299996424554
-38.22678034487145
-115.16347552617142
-76.28680962674154
-34.992154796004826
-107.39765802751366
-159.45411080246177
-82.4405701689766
-92.18466635122819
-38.16399294038079
-111.97618739985141
-58.464352176830225
-79.95838978451785
-150.51025970882827
-41.61153641166183
-62.03438657774524
-97.69116653651287
-80.38208498259102
-72.71521509789207
-107.93332297318985
-94.83094432726546
-60.30098693953299
-112.57657350009154
-245.91780008344264
-102.04385304783509
-125.01417516120911
-121.00898544035299
-151.82674362745368
-59.33658055361051
-130.80161020625997
-86.95559901434203
-69.41801376370815
-79.9313081727346
-79.58700139356743
-41.31067221838104
-21.942074778044812
-43.02915814378635
-81.1262145360702
-50.664585130126454
-42.41355985942401
-89.00041853611735
-72.77850970587822
-51.76201602859382
-86.95507708100645
-54.10615157033477
-83.52377323684067
-63.80293424141196
-118.59471633219898
-89.66715563800375
-86.81825533459428
-162.1957494524937
-148.39957075807285
-150.36111345477354
-95.347290186606
-135.3530297410825
-171.80901696827615
-57.71080493493865
-106.51855340436272
-47.93407204555807
-117.05818010202798
-75.49080235343051
-159.59843580799304
-79.9905144390951
-96.14983362436456
-170.73748964483443
-75.50653101234558
-57.290771751791084
-41.16133057471832
-29.60033263150538
-73.05083703479632
-85.23484452132938
-46.14794587190997
-36.05613602079931
-88.94916477248694
-64.4139242060147
-73.56183353451021
-53.60515218100143
-82.86077070040938
-38.20951970829207
-18.036467326463285
-65.92211262807272
-67.59795709333804
-109.83017683410321
-169.72129984293358
-70.04973951587533
-88.32515576088004
-79.58661891529908
-128.39502765419311
-18.05369692965607
-94.3016794974372
-50.90089379494986
-49.84358721750124
-126.53493959961523
-53.85989671779003
-37.52382705540924
-48.87172557159781
-71.40379355854232
-51.32314907194628
-111.82818827644367
-56.18654762676863
-50.479503072355755
-96.00478430170797
-42.09539222604132
-95.79195122315329
-50.97362499984034
-18.182301854468278
-72.08650835144414
-72.10958458745903
-125.55436669604627
-71.72604069876635
-21.935914104185322
-91.62547244796166
-49.71344061337271
-45.494325251913196
-110.92119849308224
-42.03752535151984
-112.60183822814157
-18.045581935683508
-64.32380772617438
-27.193556748393377
-99.26893058070004
-177.79773318783177
-93.21607143120575
-24.04933877631098
-52.722375755168656
-67.16995864782075
-87.85467023377164
-114.9566125938262
-33.27881008626552
-50.46381715988398
-91.28088938582026
-71.9363814839497
-61.03107421991264
-90.49048064673256
-138.740501255754
-158.47125529127
-35.68787165751676
-53.85153949818462
-64.0847498949766
-29.377335176064094
-62.024426148076046
-63.10412957111753
-40.78766478722102
-61.33899561454492
-67.95908156480932
-39.25339797404333
-34.91666064834235
-24.551246439044284
-64.28398761339871
-48.533198687660246
-71.5404177631045
-58.853314842341206
-60.538453275325175
-67.23543972639
-101.12739855441977
-43.91039610401369
-89.73506846774572
-81.36838473221763
-69.10754595569479
-61.452746550497544
-117.39007925828328
-73.16546875259093
-94.30682198670631
-41.98534202946117
-133.30600898162072
-56.936175705779206
-56.18804992493768
-140.03997711364306
-58.04467042308711
-49.07753118585713
-35.4275361124402
-76.89843108581393
-29.824092997164122
-68.74311246407832
-63.81638122881126
-41.27852806307311
-35.48483127478358
-48.12024833650007
-30.152057341238056
-126.23514558279315
-77.80715014743772
-45.07407243133567
-45.229024512238304
-138.67713483502817
-73.19990182804962
-76.3646915023585
-66.21295810869017
-47.470414989662984
-88.92272080628926
-22.956077478080875
-55.42238141288953
-44.41288194976459
-131.64777215387946
-55.237263172290454
-110.94604105632799
-49.96307486552503
-95.15839137625723
-23.734237745678573
-143.6757158913903
-42.36110637779857
-156.73173828932437
-174.0200559658265
-125.81326341198553
-127.05637253012253
-108.21120365061135
-109.88212134403989
-180.07330802612694
-106.5902918947827
-45.901211020244766
-94.78882041398589
-38.9938264219226
-116.41354679462437
-98.67234211885217
-63.41927539317316
-134.97687543457178
-37.245451339755704
-187.706116340602
-120.31054955279915
-96.71080047188514
-112.54624763813528
-144.2183760652581
-148.9336737334139
-85.92979125308939
-141.66696824980625
-87.65260167741746
-89.79744021391483
-118.57104538386011
-108.77851828356485
-122.78190766276279
-61.26397109899436
-30.183118973642383
-107.93672793288495
-55.79683319209564
-87.88087877346224
-231.7216178519431
-106.63934070662899
-51.29355772228793
-130.00148450577237
-178.8885539932436
-39.016935409889896
-57.17044837235693
-52.06689633425939
-120.26337520539974
-102.74805515057977
-159.22263697571626
-102.57957228646343
-181.55231135746834
-80.05386132141638
-79.47466049647507
-104.48101315279465
-78.18015269948629
-316.8361487811345
-53.63798505480469
-139.96030485374047
-88.28456369971533
-84.39824449196489
-115.72475726346583
-99.35044608631323
-103.33361504015431
-30.931748542290933
-164.68959089477366
-56.97683834528239
-139.055054192671
-162.38554518780848
-81.50049720846353
-127.55446177811953
-104.83938013974048
-58.183063172678175
-87.44402522123613
-103.61434191011753
-79.82266963133173
-129.14780144222442
-35.23193238499583
-117.07740248741287
-100.99121442558346
-134.11687878085016
-73.69664890562439
-96.50919786698005
-103.87098150207726
-66.28704198396878
-47.715878163796404
-47.959651338001855
-237.2726323694072
-120.09778422445974
-82.41777875461021
-60.00299150499682
-117.28831181401564
-46.93688959920874
-141.07037617251262
-107.28991962875253
-39.846210825970765
-93.15546448674857
-124.30711539783448
-65.01846238306341
-84.74750813795667
-60.98258558956713
-69.49935075151409
-145.5046252548092
-96.68108307055323
-112.5668218242387
-22.144282142987624
-108.02261669488033
-81.54067477649865
-89.45274107374117
-46.95047208554563
-91.74034222475763
-53.56307735091524
-86.84783183078136
-50.74223374997147
-104.98389245034433
-111.84393958276112
-160.62682718415118
-210.4581072881314
-54.474309535366245
-104.67321258962872
-56.14484293101137
-26.725278056586323
-89.0856540227597
-56.473779879512975
-127.0017449482945
-103.65795504521365
-91.55514100013656
-53.427682002745435
-86.31961614386414
-72.71623093844116
-74.80067887492197
-34.81106748555671
-38.61421048032724
-92.9463959897939
-100.67663861787278
-88.27999548036846
-33.32968909041108
-31.703784589311617
-42.71653646042453
-142.3476381495298
-24.637434224919765
-79.28533924329228
-94.98525248414718
-104.0535039403413
-31.420273236051358
-108.16557441205069
-75.6979125712772
-136.63046414536055
-105.03513713499336
-101.76892081657766
-68.5667812198371
-35.34863404700283
-45.261240042746024
-80.54916220668389
-146.59781374631902
-73.79462228934173
-136.43761920091316
-35.53318119605271
-37.355245935647396
-46.070403548567576
-109.00818445060507
-36.39041864218946
-90.40177158307485
-81.8891662971465
-40.01935797345053
-79.79569023795871
-85.46937856222642
-132.18544468867674
-134.53911424371233
-138.1556288082697
-83.64860394673147
-74.64765882728126
-21.63245461748027
-92.0104643386839
-85.69569893818917
-163.55129726219843
-94.98127001381697
-104.21694739916097
-116.83247680204214
-116.47498991479956
-96.02272007630276
-193.71627822644476
-87.74925637592555
-152.9069759403346
-80.09306048986781
-46.76524024626894
-96.55510704654888
-70.92237474878489
-55.72116242363526
-54.47731339871135
-177.80293263604534
-117.11240052309662
-41.63825539481655
-150.6932112305342
-167.935008290808
-80.62109659165725
-70.58159969331695
-54.170292822787125
-60.982944609237684
-46.50383975859995
-46.17758581009272
-64.44755577888589
-96.3716266038589
-84.55130008420886
-31.93524649151129
-46.04341244155139
-44.030173229148645
-90.37276852936537
-123.28778939924858
-97.09368467069916
-120.44709916637566
-23.286368637031373
-125.98259375060911
-109.27715684742472
-70.82679858849454
-80.62814644186804
-46.88454652816597
-159.76056951979632
-49.375906502741195
-44.18227546409491
-83.34227566607102
-83.42216807888569
-67.62683649924816
-140.5327574189405
-80.88805823740864
-54.8665855284358
-70.80324341395868
-72.77895251725215
-71.97788333786364
-83.4603462799647
-75.33758678729228
-77.09345660734992
-79.59191518225232
-67.61409521763107
-61.491141173427366
-70.75995853689489
-96.67466578810249
-63.20871289024037
-132.55781581268937
-192.1170236785152
-44.88154566057048
-50.057802339689516
-53.62229213096415
-110.28642596616477
-203.32110291942666
-75.1203066569917
-133.11208021772137
-71.29482299283609
-94.45826850553411
-144.6542041486044
-64.08397815438323
-189.6536253164077
-32.05516481553953
-82.60754448987032
-60.30016679717998
-39.73586080047212
-83.84827664340096
-109.93729627571005
-79.2698161239602
-50.7362273083778
-66.12264154669676
-118.25579682604607
-22.19190299388178
-27.58359016631661
-97.35372371378882
-124.51405033168622
-206.4845559574675
-57.941670539095796
-85.34075213846235
-72.55184099072187
-108.77204457193976
-130.16512050031093
-76.58403621955003
-45.9136198336529
-33.781593097107056
-50.02207263680572
-75.1974871615379
-153.8446048566448
-54.628236094960116
-72.15877150682235
-86.26408194865142
-69.73837334390123
-85.87932284030204
-69.27047969312349
-92.85645875859593
-94.76132361768033
-39.700753323435315
-63.06197261908692
-111.46303526710999
-28.05599266392118
-64.43774660928536
-105.68487675172787
-64.70941393396639
-51.18443630131111
-170.33191639888273
-89.73447383097948
-35.70581932232507
-53.54402979292441
-94.94567153393147
-77.33170200903638
-131.24951017174658
-63.68579014399161
-69.05086615760011
-55.00068042745322
-94.31061990815402
-85.72569618420846
-64.62167379814032
-73.4263826485429
-54.62578209388174
-116.5860488385448
-148.0707056100657
-153.17720733729
-77.46178659221316
-32.659556806908896
-55.17627179044004
-65.32317119276573
-89.22991976606974
-65.95969906879427
-42.97646526224794
-79.88926607381462
-125.66187195539591
-37.810480029994075
-124.58300256514485
-164.2164898969044
-130.92145865281185
-124.87189273626032
-85.83228951701287
-55.58331221289339
-101.07741225617377
-98.34744397026128
-100.41407539974232
-194.04314487928752
-79.36645153295564
-160.967266142874
-190.12772679614244
-229.59678998520113
-136.49332784705484
-75.5028361497285
-160.84060883659765
-112.82032646913538
-161.3826142809896
-128.704983429176
-124.7783268405261
-76.25078605941023
-165.78597551642474
-162.15841437263768
-127.38711315429536
-20.64703700528574
-126.32374347861503
-175.0423074696026
-116.60106408190579
-55.001511001704024
-66.61423151707588
-108.18637643873639
-71.67469099638743
-35.45247256497141
-50.15078150238802
-73.21220026931724
-22.79976251285729
-52.14916931994873
-88.02362343490856
-88.52545678627415
-49.02850732123308
-52.47494903236868
-88.75171995867568
-86.85539154869059
-67.02641206363117
-58.98877211888927
-38.971400873412776
-61.097204992355735
-65.77634719274843
-114.76618442492286
-33.476079006620466
-81.07537605074045
-30.379352643635315
-66.45129008695879
-34.32297977008364
-70.75536461774426
-60.91696360270147
-57.959417308843136
-63.38478027874875
-73.85152447227173
-64.01027898728482
-75.25956328318998
-43.82325729235234
-31.508055158998538
-59.518301950228285
-82.65808802399296
-22.28716506272467
-55.0632352258843
-86.41818166514076
-158.67066251581662
-50.90155928972006
-33.45356344203351
-62.51412463863552
-141.37001519304837
-90.00316685013394
-178.42058295396748
-69.44461154573928
-40.34147324545359
-94.94882299572379
-83.77792010734689
-36.96677946175663
-106.68353343793866
-83.56682979711746
-25.53949079096538
-41.84491873725466
-139.13172120489585
-74.57748785033128
-41.38834768544945
-48.42322870327084
-106.37988395244847
-109.43619078861478
-157.60548870111782
-71.749941679326
-126.70134305085118
-63.52884347361787
-77.76079668215178
-41.69116538565582
-78.41971383827281
-66.42393645771307
-69.9734144628048
-69.63560229304717
-101.67962491365765
-59.14952217189063
-72.79190469455476
-120.58479156696798
-31.463934562033216
-12.225271536946432
-35.70056359959393
-12.637561356878976
-47.93175864900387
-12.650255171195148
-82.43094615497581
-13.622505675579077
-48.591590654718686
-13.893589613442124
-79.68180187299411
-44.43557439038342
-87.1962492245069
-122.91563973393458
-155.2362721155695
-33.21068089021555
-116.06234882293661
-78.44151468663392
-17.75913270769965
-142.48618684172163
-88.1930308638381
-55.60444297814643
-124.11374198378809
-78.62658078935762
-154.83728300627394
-178.51182284970233
-85.34294620930667
-73.58960286668086
-156.74868442120507
-89.52672933835507
-126.3383829540556
-72.72133633145613
-52.895347928252725
-95.02737452744016
-52.32174603433479
-96.63416345340168
-133.04594285644671
-25.065458150820714
-34.10348695273531
-116.60485190539377
-87.48622621545275
-102.97485957983913
-94.99627541194108
-70.53054934265069
-118.50229959539858
-31.888601344126332
-77.77709721737804
-67.54396303146166
-96.23572260174286
-58.343887522288696
-48.62099404612737
-75.9485366099791
-83.16563546116083
-48.1617723213496
-52.80144871503131
-117.02955796669387
-98.4354277421678
-57.489970797968354
-107.96371818586846
-162.51598719108745
-138.28650508009616
-123.62599697472396
-158.39977530508511
-88.18727175439014
-76.83438200329097
-47.33734419591107
-71.02623626030946
-44.4849756020955
-59.700678496194364
-60.941936016181096
-90.94678301062376
-95.2673079653466
-106.34926675888595
-60.561595382605695
-38.77628504062237
-99.14107166070978
-116.20812621820411
-81.35869545653456
-145.28900714439322
-156.0007067552639
-63.87486324870537
-43.507432393338135
-54.27691725903973
-91.77345816335853
-110.09134941139772
-75.63087301841055
-130.33944735526418
-89.39973664995236
-141.65612757151166
-66.33873869019195
-31.7997249956107
-114.893907010339
-50.000819602820165
-119.83072319301516
-71.94256568389056
-73.27561004306682
-62.23087986416574
-82.53121488397478
-72.67571400391842
-109.62250091046204
-101.62889139837597
-117.28972332101965
-65.20533308876912
-46.40722290464326
-92.92699380561778
-106.13163426295874
-71.8071797295787
-151.2865303539098
-151.4608324093792
-65.2390065349587
-102.91684154917473
-35.74604547827183
-61.2718272368863
-177.32183315986964
-80.9571745269666
-83.10428196511222
-120.46267070217868
-104.4258061469498
-145.6623655231198
-139.75342642382506
-118.86892932365379
-57.179893494274204
-32.80131660777549
-26.743137469232558
-114.08906842041526
-75.58841823889475
-54.272336192047504
-31.516387109181643
-92.4333180442106
-48.129777512441976
-94.32613506076208
-144.48286259559538
-73.68359588991954
-57.920981273239256
-81.65073171674916
-97.34758396947049
-51.10860926202305
-75.41079634716328
-26.410175536857558
-117.80567422605779
-134.91742513826287
-87.17142049685754
-64.9283357754858
-72.6938023974805
-82.7633113147998
-78.7309602320297
-84.89156762049632
-102.23270819001827
-56.85503190358626
-73.74220328130863
-56.939494545310545
-139.00843993818012
-102.62639259107617
-99.74307228239333
-122.23842223496538
-128.76203432475828
-48.85591627960176
-55.07440189571375
-52.633050509988465
-96.7576246838825
-105.24900594097176
-134.17150453744492
-77.10773836276768
-173.0286175036071
-88.18466378542124
-61.8189321182323
-79.27810356854647
-25.111145103140696
-104.43708370181456
-29.635706094130274
-66.78137014492907
-70.8829482384959
-138.54168923926136
-115.68805600159526
-80.21347885950408
-71.491234480667
-24.63120670789879
-138.60831094752763
-71.46875772235889
-57.89972670535351
-68.41170115574644
-65.06803037960458
-104.34304578819277
-153.10323352084004
-20.695733438115518
-62.56389038350674
-122.73013342291358
-57.110649906670034
-40.73468046965924
-45.79271923839477
-131.44111664422053
-54.87702122331817
-68.07481412494157
-49.875547895138894
-149.93081018605818
-43.477290194717334
-71.01821302721012
-106.75748484774947
-109.39223109096412
-93.44979101118919
-85.85519314294164
-148.57032268621606
-54.61151171532222
-52.06021689986373
-105.6595985582995
-58.883261212059224
-69.64885752910997
-67.83976062992448
-100.5471707416648
-174.12523444871627
-223.63446871769312
-59.38164678640371
-89.36966749912774
-66.50220991933247
-66.73512873731336
-96.47021018803913
-88.2135365503548
-145.46758600505422
-112.30146021636382
-54.00481196208895
-100.8611108843351
-90.28272958526573
-113.01479631845262
-296.6955606198883
-99.85617131535608
-25.780079266737168
-138.23286268471097
-222.40298526911766
-90.6024778253677
-74.89685400767837
-100.35832446419356
-55.68589275509794
-178.8344802255686
-133.8963067300043
-196.9029167593308
-91.78016583253302
-130.2457557489995
-174.98747202162062
-54.68887855386603
-63.873287542319325
-166.98138666799252
-136.34643321868987
-30.551800295553033
-199.55351814589451
-94.83136129826211
-53.83429912601266
-99.13464245149606
-115.07552777791925
-62.26988473692295
-59.178726134360424
-58.99180350763599
-152.0615316055685
-60.08006523529064
-124.18502659416107
-25.96684156630846
-128.2534542424402
-147.33337914699044
-150.66743304819803
-69.52526672028705
-79.41286519868125
-120.94398721876256
-149.9690585754456
-85.40301420027583
-160.4788530556139
-72.42483035654293
-26.831658359552513
-103.39756867251565
-53.064483003343234
-68.84790683006062
-95.35698863536336
-106.84229078482433
-190.0307252892805
-146.4014693361255
-150.45417369854837
-156.1898269420989
-133.38087016579564
-106.68298416052286
-233.2768741999506
-64.01519041904837
-68.45858547310847
-107.12148694304743
-32.011977758895625
-66.07572933215646
-46.9831745809854
-162.09318076567257
-38.39997398548311
-146.00716965935752
-48.702592422997846
-27.989550941875407
-64.31515661820413
-93.0551788336423
-159.84096347889127
-143.39551748535564
-35.71602113269542
-31.928078136729308
-142.48442952143998
-75.63302106661358
-143.8951709623314
-154.9505121752706
-174.21357820993634
-49.61318221823435
-93.43803620304742
-59.53351546375625
-56.13966966160514
-63.08084232338387
-28.491416539360365
-30.175473675429622
-113.7580091124577
-119.84182041744616
-140.5163752330696
-76.81632889455115
-93.7760368538409
-64.93347536173647
-81.91129272716236
-52.447507399740246
-80.11518148210729
-52.93988793926827
-86.75122750665354
-55.628206628441866
-43.86736267711353
-55.2628916963716
-32.556757179892564
-104.46459175431858
-177.99385312383006
-115.30867594792277
-30.917695052504452
-108.89005599367489
-198.58493312969247
-123.65998597037769
-87.6186107082167
-87.43722654827256
-42.76313009254527
-59.46964079674779
-54.6879711603847
-43.12188678719575
-49.77943031085189
-87.2632897419701
-101.1026810985693
-66.13350369436176
-41.9206099728734
-127.80185035403392
-116.17576015115574
-86.27537893285691
-43.26911307812841
-131.8340016401322
-71.79838025263682
-68.891287326144
-70.18579081333093
-28.740005941296364
-74.21686026645077
-87.35796717452587
-20.623972158693867
-77.04699657853517
-35.56156794563312
-63.132196994533984
-59.39533190366109
-26.55370918975725
-52.394237231460544
-84.93268336165512
-92.51423621478483
-73.94238777069039
-72.6580506008905
-20.71276993551798
-40.41675853666221
-20.607563218589267
-75.31901095189441
-111.13470506543337
-17.612618503031893
-127.15195328575942
-189.41669083722192
-99.73000312355921
-191.55397868651917
-55.22073504366049
-14.900467790057903
-62.985149676749046
-23.62419819742704
-37.59630784617713
-136.74835992685294
-95.93202750141559
-71.63366011649909
-29.348705236292144
-80.03425287322726
-89.63957294647481
-30.942133404839396
-14.675750352783231
-21.547416164470977
-19.98376745322616
-20.59789210870089
-141.66056101337563
-48.71946743138249
-78.6652046867717
-93.2590727257469
-49.70965120477402
-44.85529339392877
-81.76975236286621
-104.05951154415717
-25.672324784510465
-45.54445167013451
-33.349963879971476
-60.9162421912902
-93.32416420280641
-34.0287974357632
-35.204706815764446
-92.24353308193656
-110.01517458592662
-106.51028661419001
-174.8071105943248
-243.49172827689262
-95.00128607595957
-91.14589553943178
-86.1739998901983
-108.88804764308745
-34.80357197960697
-231.63827866668757
-88.3123291908173
-149.77331316054943
-63.09950568779102
-57.2972123600605
-89.63644369351005
-129.7105604783071
-30.291997492880444
-31.248394073814953
-63.53821849026102
-131.27618279228443
-54.085474044494084
-47.94044408354832
-54.076353623559555
-145.99716431640795
-43.58957506067615
-80.7720629651731
-78.50252499112263
-73.33393591334246
-161.05636459763835
-118.28917442925241
-51.88992472118113
-33.70763520489315
-75.73787516880374
-80.6440139995213
-98.64545559237384
-40.76522556978278
-96.55732517138009
-67.53477160006399
-61.45966851781279
-115.8380815658227
-53.85970611563269
-16.686941707748076
-143.1492326148219
-67.9163432119814
-143.20218519470308
-145.55184104292266
-33.723055607583184
-29.746952318134976
-25.009459778535025
-123.74224802634616
-45.837326964203285
-69.27267140309077
-223.55561483025647
-34.4650858130822
-25.025655233835213
-19.32334303631608
-20.049132000108624
-63.43238230013988
-104.11615829614941
-33.43560584352689
-163.94753233923598
-54.43224233812007
-31.340432901708642
-22.683211704996957
-136.14465314546268
-117.69323652725907
-45.15579967384858
-74.50420006602862
-172.4986381193978
-124.93601629910266
-94.62775687665453
-64.39090427807115
-89.1626693524094
-21.207361426112627
-14.48550991737176
-94.08533626395959
-33.780787291966476
-41.429474119110765
-22.993218242538546
-76.32126665307479
-38.05667874745789
-28.773978328954342
-46.90046622773334
-108.50358713634016
-52.48684726278568
-87.1754195767128
-33.02797344163592
-50.87347691185928
-72.63974424986513
-91.0628106748593
-70.78188038922083
-48.038654348228754
-38.38582598539666
-79.12482117461845
-70.43159985503713
-112.37500420281528
-72.84348236258843
-62.2581936806611
-150.47507128495758
-42.44890678961759
-90.32593519915531
-64.51670648100006
-103.06370331587827
-58.57581789256619
-45.00501902607129
-42.93907850815672
-109.45170623430273
-64.3652812229537
-61.47270326319205
-62.02285977797361
-119.19655581091187
-76.37299168330813
-74.55301476553701
-95.58251146871227
-98.0463173525768
-33.34846445603239
-34.28040225515916
-54.279337854250656
-47.99935536430491
-52.60189246110045
-72.61781101931508
-46.006422366895634
-97.50623409450932
-92.20274917716746
-109.77282929325882
-108.45777570271659
-41.61143745982313
-234.93262678214765
-78.14636333389447
-64.7935946986048
-46.98310307417367
-37.77557368021951
-57.40506004132968
-104.17460571438437
-72.10703714959668
-66.85769390488466
-78.61123665677847
-87.05334621179414
-121.00537794143374
-26.39544917331061
-94.6180193461979
-66.61010434366229
-51.58871087783164
-86.4620529889614
-121.35659186467588
-70.98222948786474
-71.34912753544238
-72.24398352281209
-95.8233279256985
-97.10681658536414
-111.98138997655619
-74.60381766840452
-152.7742442986262
-113.14681528762823
